res_name,class,prediction
1brx_A_GLY_6,0,0
1brx_A_ARG_7,0,0
1brx_A_PRO_8,0,0
1brx_A_GLU_9,0,0
1brx_A_TRP_10,0,0
1brx_A_ILE_11,0,0
1brx_A_TRP_12,0,0
1brx_A_LEU_13,0,0
1brx_A_ALA_14,0,0
1brx_A_LEU_15,0,0
1brx_A_GLY_16,0,0
1brx_A_THR_17,0,0
1brx_A_ALA_18,0,0
1brx_A_LEU_19,0,0
1brx_A_MET_20,0,0
1brx_A_GLY_21,0,0
1brx_A_LEU_22,0,0
1brx_A_GLY_23,0,0
1brx_A_THR_24,0,0
1brx_A_LEU_25,0,0
1brx_A_TYR_26,0,0
1brx_A_PHE_27,0,0
1brx_A_LEU_28,0,0
1brx_A_VAL_29,0,0
1brx_A_LYS_30,0,0
1brx_A_GLY_31,0,0
1brx_A_MET_32,0,0
1brx_A_GLY_33,0,0
1brx_A_VAL_34,0,0
1brx_A_SER_35,0,0
1brx_A_ASP_36,0,0
1brx_A_PRO_37,0,0
1brx_A_ASP_38,0,0
1brx_A_ALA_39,0,0
1brx_A_LYS_40,0,0
1brx_A_LYS_41,0,0
1brx_A_PHE_42,0,0
1brx_A_TYR_43,0,0
1brx_A_ALA_44,0,0
1brx_A_ILE_45,0,0
1brx_A_THR_46,0,0
1brx_A_THR_47,0,0
1brx_A_LEU_48,0,0
1brx_A_VAL_49,0,0
1brx_A_PRO_50,0,0
1brx_A_ALA_51,0,0
1brx_A_ILE_52,0,0
1brx_A_ALA_53,0,0
1brx_A_PHE_54,0,0
1brx_A_THR_55,0,0
1brx_A_MET_56,0,0
1brx_A_TYR_57,0,0
1brx_A_LEU_58,0,0
1brx_A_SER_59,0,0
1brx_A_MET_60,0,0
1brx_A_LEU_61,0,0
1brx_A_LEU_62,0,0
1brx_A_GLY_63,0,0
1brx_A_TYR_64,0,0
1brx_A_GLY_65,0,0
1brx_A_LEU_66,0,0
1brx_A_THR_67,0,0
1brx_A_MET_68,0,0
1brx_A_VAL_69,0,0
1brx_A_PRO_70,0,0
1brx_A_PHE_71,0,0
1brx_A_GLY_72,0,0
1brx_A_GLY_73,0,0
1brx_A_GLU_74,0,0
1brx_A_GLN_75,0,0
1brx_A_ASN_76,0,0
1brx_A_PRO_77,0,0
1brx_A_ILE_78,0,0
1brx_A_TYR_79,0,0
1brx_A_TRP_80,0,0
1brx_A_ALA_81,0,0
1brx_A_ARG_82,0,0
1brx_A_TYR_83,0,0
1brx_A_ALA_84,0,0
1brx_A_ASP_85,0,0
1brx_A_TRP_86,1,0
1brx_A_LEU_87,0,0
1brx_A_PHE_88,0,0
1brx_A_THR_89,0,0
1brx_A_THR_90,1,0
1brx_A_PRO_91,0,0
1brx_A_LEU_92,0,0
1brx_A_LEU_93,1,0
1brx_A_LEU_94,0,0
1brx_A_LEU_95,0,0
1brx_A_ASP_96,0,0
1brx_A_LEU_97,0,0
1brx_A_ALA_98,0,0
1brx_A_LEU_99,0,0
1brx_A_LEU_100,0,0
1brx_A_VAL_101,0,0
1brx_A_ASP_102,0,0
1brx_A_ALA_103,0,0
1brx_A_ASP_104,0,0
1brx_A_GLN_105,0,0
1brx_A_GLY_106,0,0
1brx_A_THR_107,0,0
1brx_A_ILE_108,0,0
1brx_A_LEU_109,0,0
1brx_A_ALA_110,0,0
1brx_A_LEU_111,0,0
1brx_A_VAL_112,0,0
1brx_A_GLY_113,0,0
1brx_A_ALA_114,0,0
1brx_A_ASP_115,0,0
1brx_A_GLY_116,0,0
1brx_A_ILE_117,0,0
1brx_A_MET_118,1,0
1brx_A_ILE_119,0,0
1brx_A_GLY_120,0,0
1brx_A_THR_121,0,0
1brx_A_GLY_122,1,0
1brx_A_LEU_123,0,0
1brx_A_VAL_124,0,0
1brx_A_GLY_125,0,0
1brx_A_ALA_126,0,0
1brx_A_LEU_127,0,0
1brx_A_THR_128,0,0
1brx_A_LYS_129,0,0
1brx_A_VAL_130,0,0
1brx_A_TYR_131,0,0
1brx_A_SER_132,0,0
1brx_A_TYR_133,0,0
1brx_A_ARG_134,0,0
1brx_A_PHE_135,0,0
1brx_A_VAL_136,0,0
1brx_A_TRP_137,0,0
1brx_A_TRP_138,1,0
1brx_A_ALA_139,0,0
1brx_A_ILE_140,0,0
1brx_A_SER_141,1,0
1brx_A_THR_142,1,0
1brx_A_ALA_143,0,0
1brx_A_ALA_144,0,0
1brx_A_MET_145,1,0
1brx_A_LEU_146,0,0
1brx_A_TYR_147,0,0
1brx_A_ILE_148,0,0
1brx_A_LEU_149,0,0
1brx_A_TYR_150,0,0
1brx_A_VAL_151,0,0
1brx_A_LEU_152,0,0
1brx_A_VAL_167,0,0
1brx_A_ALA_168,0,0
1brx_A_SER_169,0,0
1brx_A_THR_170,0,0
1brx_A_PHE_171,0,0
1brx_A_LYS_172,0,0
1brx_A_VAL_173,0,0
1brx_A_LEU_174,0,0
1brx_A_ARG_175,0,0
1brx_A_ASN_176,0,0
1brx_A_VAL_177,0,0
1brx_A_THR_178,0,0
1brx_A_VAL_179,0,0
1brx_A_VAL_180,0,0
1brx_A_LEU_181,0,0
1brx_A_TRP_182,1,0
1brx_A_SER_183,0,0
1brx_A_ALA_184,0,0
1brx_A_TYR_185,1,0
1brx_A_PRO_186,1,0
1brx_A_VAL_187,0,0
1brx_A_VAL_188,0,0
1brx_A_TRP_189,1,0
1brx_A_LEU_190,0,0
1brx_A_ILE_191,0,0
1brx_A_GLY_192,0,0
1brx_A_SER_193,0,0
1brx_A_GLU_194,0,0
1brx_A_GLY_195,0,0
1brx_A_ALA_196,0,0
1brx_A_GLY_197,0,0
1brx_A_ILE_198,0,0
1brx_A_VAL_199,0,0
1brx_A_PRO_200,0,0
1brx_A_LEU_201,0,0
1brx_A_ASN_202,0,0
1brx_A_ILE_203,0,0
1brx_A_GLU_204,0,0
1brx_A_THR_205,0,0
1brx_A_LEU_206,0,0
1brx_A_LEU_207,0,0
1brx_A_PHE_208,0,0
1brx_A_MET_209,0,0
1brx_A_VAL_210,0,0
1brx_A_LEU_211,0,0
1brx_A_ASP_212,1,0
1brx_A_VAL_213,0,0
1brx_A_SER_214,0,0
1brx_A_ALA_215,0,0
1brx_A_LYS_216,1,0
1brx_A_VAL_217,0,0
1brx_A_GLY_218,0,0
1brx_A_PHE_219,0,0
1brx_A_GLY_220,0,0
1brx_A_LEU_221,0,0
1brx_A_ILE_222,0,0
1brx_A_LEU_223,0,0
1brx_A_LEU_224,0,0
1brx_A_ARG_225,0,0
1brx_A_SER_226,0,0
1brx_A_ARG_227,0,0
1brx_A_ALA_228,0,0
