res_name,class,prediction
1jcn_A_THR_10,0,0
1jcn_A_GLY_11,0,0
1jcn_A_TYR_12,0,0
1jcn_A_VAL_13,0,0
1jcn_A_PRO_14,0,0
1jcn_A_GLU_15,0,0
1jcn_A_ASP_16,0,0
1jcn_A_GLY_17,0,0
1jcn_A_LEU_18,0,0
1jcn_A_THR_19,0,0
1jcn_A_ALA_20,0,0
1jcn_A_GLN_21,0,0
1jcn_A_GLN_22,0,0
1jcn_A_LEU_23,0,0
1jcn_A_PHE_24,0,0
1jcn_A_ALA_25,0,0
1jcn_A_SER_26,0,0
1jcn_A_ALA_27,0,0
1jcn_A_ASP_28,0,0
1jcn_A_ASP_29,0,0
1jcn_A_LEU_30,0,0
1jcn_A_THR_31,0,0
1jcn_A_TYR_32,0,0
1jcn_A_ASN_33,0,0
1jcn_A_ASP_34,0,0
1jcn_A_PHE_35,0,0
1jcn_A_LEU_36,0,0
1jcn_A_ILE_37,0,0
1jcn_A_LEU_38,0,0
1jcn_A_PRO_39,0,0
1jcn_A_GLY_40,0,0
1jcn_A_PHE_41,0,0
1jcn_A_ILE_42,0,0
1jcn_A_ASP_43,0,0
1jcn_A_PHE_44,0,0
1jcn_A_ILE_45,0,0
1jcn_A_ALA_46,0,0
1jcn_A_ASP_47,0,0
1jcn_A_GLU_48,0,0
1jcn_A_VAL_49,0,0
1jcn_A_ASP_50,0,0
1jcn_A_LEU_51,0,0
1jcn_A_THR_52,0,0
1jcn_A_SER_53,0,0
1jcn_A_ALA_54,0,0
1jcn_A_LEU_55,0,0
1jcn_A_THR_56,0,0
1jcn_A_ARG_57,0,0
1jcn_A_LYS_58,0,0
1jcn_A_ILE_59,0,0
1jcn_A_THR_60,0,0
1jcn_A_LEU_61,0,0
1jcn_A_LYS_62,0,0
1jcn_A_THR_63,0,0
1jcn_A_PRO_64,0,0
1jcn_A_LEU_65,0,0
1jcn_A_ILE_66,0,0
1jcn_A_SER_67,0,0
1jcn_A_SER_68,1,1
1jcn_A_PRO_69,0,0
1jcn_A_MET_70,1,1
1jcn_A_ASP_71,0,0
1jcn_A_THR_72,0,0
1jcn_A_VAL_73,0,0
1jcn_A_THR_74,0,0
1jcn_A_GLU_75,0,0
1jcn_A_ALA_76,0,0
1jcn_A_ASP_77,0,0
1jcn_A_MET_78,0,0
1jcn_A_ALA_79,0,0
1jcn_A_ILE_80,0,0
1jcn_A_ALA_81,0,0
1jcn_A_MET_82,0,0
1jcn_A_ALA_83,0,0
1jcn_A_LEU_84,0,0
1jcn_A_MET_85,0,0
1jcn_A_GLY_86,0,0
1jcn_A_GLY_87,0,0
1jcn_A_ILE_88,0,0
1jcn_A_GLY_89,0,0
1jcn_A_PHE_90,0,0
1jcn_A_ILE_91,0,0
1jcn_A_HIS_92,0,0
1jcn_A_HIS_93,0,0
1jcn_A_ASN_94,0,0
1jcn_A_CYS_95,0,0
1jcn_A_THR_96,0,0
1jcn_A_PRO_97,0,0
1jcn_A_GLU_98,0,0
1jcn_A_PHE_99,0,0
1jcn_A_GLN_100,0,0
1jcn_A_ALA_101,0,0
1jcn_A_ASN_102,0,0
1jcn_A_GLU_103,0,0
1jcn_A_VAL_104,0,0
1jcn_A_ARG_105,0,0
1jcn_A_LYS_106,0,0
1jcn_A_VAL_107,0,0
1jcn_A_LYS_108,0,0
1jcn_A_ASN_109,0,0
1jcn_A_PHE_110,0,0
1jcn_A_GLU_111,0,0
1jcn_A_GLN_112,0,0
1jcn_A_GLY_113,0,0
1jcn_A_PHE_114,0,0
1jcn_A_ILE_115,0,0
1jcn_A_THR_116,0,0
1jcn_A_ASP_117,0,0
1jcn_A_PRO_118,0,0
1jcn_A_VAL_119,0,0
1jcn_A_VAL_120,0,0
1jcn_A_LEU_121,0,0
1jcn_A_SER_122,0,0
1jcn_A_PRO_123,0,0
1jcn_A_GLY_141,0,0
1jcn_A_ILE_142,0,0
1jcn_A_PRO_143,0,0
1jcn_A_ILE_144,0,0
1jcn_A_THR_145,0,1
1jcn_A_GLU_146,0,0
1jcn_A_VAL_155,0,0
1jcn_A_GLY_156,0,0
1jcn_A_ILE_157,0,0
1jcn_A_VAL_158,0,0
1jcn_A_THR_159,0,0
1jcn_A_SER_160,0,0
1jcn_A_ARG_161,0,0
1jcn_A_ASP_162,0,0
1jcn_A_ILE_163,0,0
1jcn_A_ASP_164,0,0
1jcn_A_PRO_181,0,0
1jcn_A_ARG_182,0,0
1jcn_A_ILE_183,0,0
1jcn_A_GLU_184,0,0
1jcn_A_LEU_185,0,0
1jcn_A_VAL_186,0,0
1jcn_A_VAL_187,0,0
1jcn_A_ALA_188,0,0
1jcn_A_PRO_189,0,0
1jcn_A_ALA_190,0,0
1jcn_A_GLY_191,0,0
1jcn_A_VAL_192,0,0
1jcn_A_THR_193,0,0
1jcn_A_LEU_194,0,0
1jcn_A_LYS_195,0,0
1jcn_A_GLU_196,0,0
1jcn_A_ALA_197,0,0
1jcn_A_ASN_198,0,0
1jcn_A_GLU_199,0,0
1jcn_A_ILE_200,0,0
1jcn_A_LEU_201,0,0
1jcn_A_GLN_202,0,0
1jcn_A_ARG_203,0,0
1jcn_A_SER_204,0,0
1jcn_A_LYS_205,0,0
1jcn_A_LYS_206,0,0
1jcn_A_GLY_207,0,0
1jcn_A_LYS_208,0,0
1jcn_A_LEU_209,0,0
1jcn_A_PRO_210,0,0
1jcn_A_ILE_211,0,0
1jcn_A_VAL_212,0,0
1jcn_A_ASN_213,0,0
1jcn_A_ASP_214,0,0
1jcn_A_CYS_215,0,0
1jcn_A_ASP_216,0,0
1jcn_A_GLU_217,0,0
1jcn_A_LEU_218,0,0
1jcn_A_VAL_219,0,0
1jcn_A_ARG_224,0,0
1jcn_A_THR_225,0,0
1jcn_A_ASP_226,0,0
1jcn_A_LEU_227,0,0
1jcn_A_LYS_228,0,0
1jcn_A_LYS_229,0,0
1jcn_A_ASN_230,0,0
1jcn_A_ARG_231,0,0
1jcn_A_ASP_232,0,0
1jcn_A_TYR_233,0,0
1jcn_A_PRO_234,0,0
1jcn_A_LEU_235,0,0
1jcn_A_ALA_236,0,0
1jcn_A_SER_237,0,0
1jcn_A_LYS_238,0,0
1jcn_A_ASP_239,0,0
1jcn_A_SER_240,0,0
1jcn_A_GLN_241,0,0
1jcn_A_LYS_242,0,0
1jcn_A_GLN_243,0,0
1jcn_A_LEU_244,0,0
1jcn_A_LEU_245,0,0
1jcn_A_CYS_246,0,0
1jcn_A_GLY_247,0,0
1jcn_A_ALA_248,0,0
1jcn_A_ALA_249,0,0
1jcn_A_VAL_250,0,0
1jcn_A_GLY_251,0,0
1jcn_A_THR_252,0,0
1jcn_A_ARG_253,0,0
1jcn_A_GLU_254,0,0
1jcn_A_ASP_255,0,0
1jcn_A_ASP_256,0,0
1jcn_A_LYS_257,0,0
1jcn_A_TYR_258,0,0
1jcn_A_ARG_259,0,0
1jcn_A_LEU_260,0,0
1jcn_A_ASP_261,0,0
1jcn_A_LEU_262,0,0
1jcn_A_LEU_263,0,0
1jcn_A_THR_264,0,0
1jcn_A_GLN_265,0,0
1jcn_A_ALA_266,0,0
1jcn_A_GLY_267,0,0
1jcn_A_VAL_268,0,0
1jcn_A_ASP_269,0,0
1jcn_A_VAL_270,0,0
1jcn_A_ILE_271,0,0
1jcn_A_VAL_272,0,0
1jcn_A_LEU_273,0,0
1jcn_A_ASP_274,0,1
1jcn_A_SER_275,0,1
1jcn_A_SER_276,0,1
1jcn_A_GLN_277,0,0
1jcn_A_GLY_278,0,0
1jcn_A_ASN_279,0,0
1jcn_A_SER_280,0,0
1jcn_A_VAL_281,0,0
1jcn_A_TYR_282,0,0
1jcn_A_GLN_283,0,0
1jcn_A_ILE_284,0,0
1jcn_A_ALA_285,0,0
1jcn_A_MET_286,0,0
1jcn_A_VAL_287,0,0
1jcn_A_HIS_288,0,0
1jcn_A_TYR_289,0,0
1jcn_A_ILE_290,0,0
1jcn_A_LYS_291,0,0
1jcn_A_GLN_292,0,0
1jcn_A_LYS_293,0,0
1jcn_A_TYR_294,0,0
1jcn_A_PRO_295,0,0
1jcn_A_HIS_296,0,0
1jcn_A_LEU_297,0,0
1jcn_A_GLN_298,0,0
1jcn_A_VAL_299,0,0
1jcn_A_ILE_300,0,0
1jcn_A_GLY_301,0,0
1jcn_A_GLY_302,0,0
1jcn_A_ASN_303,0,1
1jcn_A_VAL_304,0,0
1jcn_A_VAL_305,0,0
1jcn_A_THR_306,0,0
1jcn_A_ALA_307,0,0
1jcn_A_ALA_308,0,0
1jcn_A_GLN_309,0,0
1jcn_A_ALA_310,0,0
1jcn_A_LYS_311,0,0
1jcn_A_ASN_312,0,0
1jcn_A_LEU_313,0,0
1jcn_A_ILE_314,0,0
1jcn_A_ASP_315,0,0
1jcn_A_ALA_316,0,0
1jcn_A_GLY_317,0,0
1jcn_A_VAL_318,0,0
1jcn_A_ASP_319,0,0
1jcn_A_GLY_320,0,0
1jcn_A_LEU_321,0,0
1jcn_A_ARG_322,1,1
1jcn_A_VAL_323,0,0
1jcn_A_GLY_324,0,1
1jcn_A_MET_325,0,0
1jcn_A_GLY_326,0,0
1jcn_A_CYS_327,0,0
1jcn_A_GLY_328,1,1
1jcn_A_SER_329,1,0
1jcn_A_ILE_330,1,0
1jcn_A_CYS_331,1,0
1jcn_A_ILE_332,0,0
1jcn_A_THR_333,0,0
1jcn_A_GLN_334,1,0
1jcn_A_GLU_335,0,0
1jcn_A_VAL_336,0,0
1jcn_A_MET_337,0,0
1jcn_A_ALA_338,0,0
1jcn_A_CYS_339,0,0
1jcn_A_GLY_340,0,0
1jcn_A_ARG_341,0,0
1jcn_A_PRO_342,0,0
1jcn_A_GLN_343,0,0
1jcn_A_GLY_344,0,0
1jcn_A_THR_345,0,0
1jcn_A_ALA_346,0,0
1jcn_A_VAL_347,0,0
1jcn_A_TYR_348,0,0
1jcn_A_LYS_349,0,0
1jcn_A_VAL_350,0,0
1jcn_A_ALA_351,0,0
1jcn_A_GLU_352,0,0
1jcn_A_TYR_353,0,0
1jcn_A_ALA_354,0,0
1jcn_A_ARG_355,0,0
1jcn_A_ARG_356,0,0
1jcn_A_PHE_357,0,0
1jcn_A_GLY_358,0,0
1jcn_A_VAL_359,0,0
1jcn_A_PRO_360,0,0
1jcn_A_ILE_361,0,0
1jcn_A_ILE_362,0,0
1jcn_A_ALA_363,0,0
1jcn_A_ASP_364,1,1
1jcn_A_GLY_365,1,1
1jcn_A_GLY_366,1,1
1jcn_A_ILE_367,0,0
1jcn_A_GLN_368,0,0
1jcn_A_THR_369,0,0
1jcn_A_VAL_370,0,0
1jcn_A_GLY_371,0,0
1jcn_A_HIS_372,0,0
1jcn_A_VAL_373,0,0
1jcn_A_VAL_374,0,0
1jcn_A_LYS_375,0,0
1jcn_A_ALA_376,0,0
1jcn_A_LEU_377,0,0
1jcn_A_ALA_378,0,0
1jcn_A_LEU_379,0,0
1jcn_A_GLY_380,0,0
1jcn_A_ALA_381,0,0
1jcn_A_SER_382,0,1
1jcn_A_THR_383,0,0
1jcn_A_VAL_384,0,0
1jcn_A_MET_385,1,1
1jcn_A_MET_386,0,0
1jcn_A_GLY_387,1,1
1jcn_A_SER_388,1,1
1jcn_A_LEU_389,0,0
1jcn_A_LEU_390,0,0
1jcn_A_ALA_391,0,0
1jcn_A_ALA_392,0,0
1jcn_A_THR_393,0,0
1jcn_A_THR_394,0,0
1jcn_A_GLU_395,0,0
1jcn_A_ALA_396,0,0
1jcn_A_PRO_397,0,0
1jcn_A_GLY_398,0,0
1jcn_A_GLU_399,0,0
1jcn_A_LYS_450,0,0
1jcn_A_GLY_451,0,0
1jcn_A_SER_452,0,0
1jcn_A_ILE_453,0,0
1jcn_A_GLN_454,0,0
1jcn_A_LYS_455,0,0
1jcn_A_PHE_456,0,0
1jcn_A_VAL_457,0,0
1jcn_A_PRO_458,0,0
1jcn_A_TYR_459,0,0
1jcn_A_LEU_460,0,0
1jcn_A_ILE_461,0,0
1jcn_A_ALA_462,0,0
1jcn_A_GLY_463,0,0
1jcn_A_ILE_464,0,0
1jcn_A_GLN_465,0,0
1jcn_A_HIS_466,0,0
1jcn_A_GLY_467,0,0
1jcn_A_CYS_468,0,0
1jcn_A_GLN_469,0,0
1jcn_A_ASP_470,0,0
1jcn_A_ILE_471,0,0
1jcn_A_GLY_472,0,0
1jcn_A_ALA_473,0,0
1jcn_A_ARG_474,0,0
1jcn_A_SER_475,0,0
1jcn_A_LEU_476,0,0
1jcn_A_SER_477,0,0
1jcn_A_VAL_478,0,0
1jcn_A_LEU_479,0,0
1jcn_A_ARG_480,0,0
1jcn_A_SER_481,0,0
1jcn_A_MET_482,0,0
1jcn_A_MET_483,0,0
1jcn_A_TYR_484,0,0
1jcn_A_SER_485,0,0
1jcn_A_GLY_486,0,0
1jcn_A_GLU_487,0,0
1jcn_A_LEU_488,0,0
1jcn_A_LYS_489,0,0
1jcn_A_PHE_490,0,0
1jcn_A_GLU_491,0,0
1jcn_A_LYS_492,0,0
1jcn_A_ARG_493,0,0
1jcn_A_THR_494,0,0
1jcn_A_MET_495,0,0
1jcn_A_SER_496,0,0
1jcn_A_ALA_497,0,0
1jcn_A_GLN_498,0,0
1jcn_A_ILE_499,0,0
1jcn_B_THR_10,0,0
1jcn_B_GLY_11,0,0
1jcn_B_TYR_12,0,0
1jcn_B_VAL_13,0,0
1jcn_B_PRO_14,0,0
1jcn_B_GLU_15,0,0
1jcn_B_ASP_16,0,0
1jcn_B_GLY_17,0,0
1jcn_B_LEU_18,0,0
1jcn_B_THR_19,0,0
1jcn_B_ALA_20,0,0
1jcn_B_GLN_21,0,0
1jcn_B_GLN_22,0,0
1jcn_B_LEU_23,0,0
1jcn_B_PHE_24,0,0
1jcn_B_ALA_25,0,0
1jcn_B_SER_26,0,0
1jcn_B_ALA_27,0,0
1jcn_B_ASP_28,0,0
1jcn_B_ASP_29,0,0
1jcn_B_LEU_30,0,0
1jcn_B_THR_31,0,0
1jcn_B_TYR_32,0,0
1jcn_B_ASN_33,0,0
1jcn_B_ASP_34,0,0
1jcn_B_PHE_35,0,0
1jcn_B_LEU_36,0,0
1jcn_B_ILE_37,0,0
1jcn_B_LEU_38,0,0
1jcn_B_PRO_39,0,0
1jcn_B_GLY_40,0,0
1jcn_B_PHE_41,0,0
1jcn_B_ILE_42,0,0
1jcn_B_ASP_43,0,0
1jcn_B_PHE_44,0,0
1jcn_B_ILE_45,0,0
1jcn_B_ALA_46,0,0
1jcn_B_ASP_47,0,0
1jcn_B_GLU_48,0,0
1jcn_B_VAL_49,0,0
1jcn_B_ASP_50,0,0
1jcn_B_LEU_51,0,0
1jcn_B_THR_52,0,0
1jcn_B_SER_53,0,0
1jcn_B_ALA_54,0,0
1jcn_B_LEU_55,0,0
1jcn_B_THR_56,0,0
1jcn_B_ARG_57,0,0
1jcn_B_LYS_58,0,0
1jcn_B_ILE_59,0,0
1jcn_B_THR_60,0,0
1jcn_B_LEU_61,0,0
1jcn_B_LYS_62,0,0
1jcn_B_THR_63,0,0
1jcn_B_PRO_64,0,0
1jcn_B_LEU_65,0,0
1jcn_B_ILE_66,0,0
1jcn_B_SER_67,0,0
1jcn_B_SER_68,1,1
1jcn_B_PRO_69,0,0
1jcn_B_MET_70,1,1
1jcn_B_ASP_71,0,0
1jcn_B_THR_72,0,0
1jcn_B_VAL_73,0,0
1jcn_B_THR_74,0,0
1jcn_B_GLU_75,0,0
1jcn_B_ALA_76,0,0
1jcn_B_ASP_77,0,0
1jcn_B_MET_78,0,0
1jcn_B_ALA_79,0,0
1jcn_B_ILE_80,0,0
1jcn_B_ALA_81,0,0
1jcn_B_MET_82,0,0
1jcn_B_ALA_83,0,0
1jcn_B_LEU_84,0,0
1jcn_B_MET_85,0,0
1jcn_B_GLY_86,0,0
1jcn_B_GLY_87,0,0
1jcn_B_ILE_88,0,0
1jcn_B_GLY_89,0,0
1jcn_B_PHE_90,0,0
1jcn_B_ILE_91,0,0
1jcn_B_HIS_92,0,0
1jcn_B_HIS_93,0,0
1jcn_B_ASN_94,0,0
1jcn_B_CYS_95,0,0
1jcn_B_THR_96,0,0
1jcn_B_PRO_97,0,0
1jcn_B_GLU_98,0,0
1jcn_B_PHE_99,0,0
1jcn_B_GLN_100,0,0
1jcn_B_ALA_101,0,0
1jcn_B_ASN_102,0,0
1jcn_B_GLU_103,0,0
1jcn_B_VAL_104,0,0
1jcn_B_ARG_105,0,0
1jcn_B_LYS_106,0,0
1jcn_B_VAL_107,0,0
1jcn_B_LYS_108,0,0
1jcn_B_ASN_109,0,0
1jcn_B_PHE_110,0,0
1jcn_B_GLU_111,0,0
1jcn_B_GLN_112,0,0
1jcn_B_GLY_113,0,0
1jcn_B_PHE_114,0,0
1jcn_B_ILE_115,0,0
1jcn_B_THR_116,0,0
1jcn_B_ASP_117,0,0
1jcn_B_PRO_118,0,0
1jcn_B_VAL_119,0,0
1jcn_B_VAL_120,0,0
1jcn_B_LEU_121,0,0
1jcn_B_SER_122,0,0
1jcn_B_PRO_123,0,0
1jcn_B_GLY_141,0,0
1jcn_B_ILE_142,0,0
1jcn_B_PRO_143,0,0
1jcn_B_ILE_144,0,0
1jcn_B_THR_145,0,1
1jcn_B_GLU_146,0,0
1jcn_B_VAL_155,0,0
1jcn_B_GLY_156,0,0
1jcn_B_ILE_157,0,0
1jcn_B_VAL_158,0,0
1jcn_B_THR_159,0,0
1jcn_B_SER_160,0,0
1jcn_B_ARG_161,0,0
1jcn_B_ASP_162,0,0
1jcn_B_ILE_163,0,0
1jcn_B_ASP_164,0,0
1jcn_B_PRO_181,0,0
1jcn_B_ARG_182,0,0
1jcn_B_ILE_183,0,0
1jcn_B_GLU_184,0,0
1jcn_B_LEU_185,0,0
1jcn_B_VAL_186,0,0
1jcn_B_VAL_187,0,0
1jcn_B_ALA_188,0,0
1jcn_B_PRO_189,0,0
1jcn_B_ALA_190,0,0
1jcn_B_GLY_191,0,0
1jcn_B_VAL_192,0,0
1jcn_B_THR_193,0,0
1jcn_B_LEU_194,0,0
1jcn_B_LYS_195,0,0
1jcn_B_GLU_196,0,0
1jcn_B_ALA_197,0,0
1jcn_B_ASN_198,0,0
1jcn_B_GLU_199,0,0
1jcn_B_ILE_200,0,0
1jcn_B_LEU_201,0,0
1jcn_B_GLN_202,0,0
1jcn_B_ARG_203,0,0
1jcn_B_SER_204,0,0
1jcn_B_LYS_205,0,0
1jcn_B_LYS_206,0,0
1jcn_B_GLY_207,0,0
1jcn_B_LYS_208,0,0
1jcn_B_LEU_209,0,0
1jcn_B_PRO_210,0,0
1jcn_B_ILE_211,0,0
1jcn_B_VAL_212,0,0
1jcn_B_ASN_213,0,0
1jcn_B_ASP_214,0,0
1jcn_B_CYS_215,0,0
1jcn_B_ASP_216,0,0
1jcn_B_GLU_217,0,0
1jcn_B_LEU_218,0,0
1jcn_B_VAL_219,0,0
1jcn_B_ARG_224,0,0
1jcn_B_THR_225,0,0
1jcn_B_ASP_226,0,0
1jcn_B_LEU_227,0,0
1jcn_B_LYS_228,0,0
1jcn_B_LYS_229,0,0
1jcn_B_ASN_230,0,0
1jcn_B_ARG_231,0,0
1jcn_B_ASP_232,0,0
1jcn_B_TYR_233,0,0
1jcn_B_PRO_234,0,0
1jcn_B_LEU_235,0,0
1jcn_B_ALA_236,0,0
1jcn_B_SER_237,0,0
1jcn_B_LYS_238,0,0
1jcn_B_ASP_239,0,0
1jcn_B_SER_240,0,0
1jcn_B_GLN_241,0,0
1jcn_B_LYS_242,0,0
1jcn_B_GLN_243,0,0
1jcn_B_LEU_244,0,0
1jcn_B_LEU_245,0,0
1jcn_B_CYS_246,0,0
1jcn_B_GLY_247,0,0
1jcn_B_ALA_248,0,0
1jcn_B_ALA_249,0,0
1jcn_B_VAL_250,0,0
1jcn_B_GLY_251,0,0
1jcn_B_THR_252,0,0
1jcn_B_ARG_253,0,0
1jcn_B_GLU_254,0,0
1jcn_B_ASP_255,0,0
1jcn_B_ASP_256,0,0
1jcn_B_LYS_257,0,0
1jcn_B_TYR_258,0,0
1jcn_B_ARG_259,0,0
1jcn_B_LEU_260,0,0
1jcn_B_ASP_261,0,0
1jcn_B_LEU_262,0,0
1jcn_B_LEU_263,0,0
1jcn_B_THR_264,0,0
1jcn_B_GLN_265,0,0
1jcn_B_ALA_266,0,0
1jcn_B_GLY_267,0,0
1jcn_B_VAL_268,0,0
1jcn_B_ASP_269,0,0
1jcn_B_VAL_270,0,0
1jcn_B_ILE_271,0,0
1jcn_B_VAL_272,0,0
1jcn_B_LEU_273,0,0
1jcn_B_ASP_274,0,1
1jcn_B_SER_275,0,1
1jcn_B_SER_276,0,1
1jcn_B_GLN_277,0,0
1jcn_B_GLY_278,0,0
1jcn_B_ASN_279,0,0
1jcn_B_SER_280,0,0
1jcn_B_VAL_281,0,0
1jcn_B_TYR_282,0,0
1jcn_B_GLN_283,0,0
1jcn_B_ILE_284,0,0
1jcn_B_ALA_285,0,0
1jcn_B_MET_286,0,0
1jcn_B_VAL_287,0,0
1jcn_B_HIS_288,0,0
1jcn_B_TYR_289,0,0
1jcn_B_ILE_290,0,0
1jcn_B_LYS_291,0,0
1jcn_B_GLN_292,0,0
1jcn_B_LYS_293,0,0
1jcn_B_TYR_294,0,0
1jcn_B_PRO_295,0,0
1jcn_B_HIS_296,0,0
1jcn_B_LEU_297,0,0
1jcn_B_GLN_298,0,0
1jcn_B_VAL_299,0,0
1jcn_B_ILE_300,0,0
1jcn_B_GLY_301,0,0
1jcn_B_GLY_302,0,0
1jcn_B_ASN_303,0,1
1jcn_B_VAL_304,0,0
1jcn_B_VAL_305,0,0
1jcn_B_THR_306,0,0
1jcn_B_ALA_307,0,0
1jcn_B_ALA_308,0,0
1jcn_B_GLN_309,0,0
1jcn_B_ALA_310,0,0
1jcn_B_LYS_311,0,0
1jcn_B_ASN_312,0,0
1jcn_B_LEU_313,0,0
1jcn_B_ILE_314,0,0
1jcn_B_ASP_315,0,0
1jcn_B_ALA_316,0,0
1jcn_B_GLY_317,0,0
1jcn_B_VAL_318,0,0
1jcn_B_ASP_319,0,0
1jcn_B_GLY_320,0,0
1jcn_B_LEU_321,0,0
1jcn_B_ARG_322,1,1
1jcn_B_VAL_323,0,0
1jcn_B_GLY_324,0,1
1jcn_B_MET_325,0,0
1jcn_B_GLY_326,0,0
1jcn_B_CYS_327,0,0
1jcn_B_GLY_328,1,1
1jcn_B_SER_329,1,0
1jcn_B_ILE_330,1,0
1jcn_B_CYS_331,1,0
1jcn_B_ILE_332,0,0
1jcn_B_THR_333,0,0
1jcn_B_GLN_334,1,0
1jcn_B_GLU_335,0,0
1jcn_B_VAL_336,0,0
1jcn_B_MET_337,0,0
1jcn_B_ALA_338,0,0
1jcn_B_CYS_339,0,0
1jcn_B_GLY_340,0,0
1jcn_B_ARG_341,0,0
1jcn_B_PRO_342,0,0
1jcn_B_GLN_343,0,0
1jcn_B_GLY_344,0,0
1jcn_B_THR_345,0,0
1jcn_B_ALA_346,0,0
1jcn_B_VAL_347,0,0
1jcn_B_TYR_348,0,0
1jcn_B_LYS_349,0,0
1jcn_B_VAL_350,0,0
1jcn_B_ALA_351,0,0
1jcn_B_GLU_352,0,0
1jcn_B_TYR_353,0,0
1jcn_B_ALA_354,0,0
1jcn_B_ARG_355,0,0
1jcn_B_ARG_356,0,0
1jcn_B_PHE_357,0,0
1jcn_B_GLY_358,0,0
1jcn_B_VAL_359,0,0
1jcn_B_PRO_360,0,0
1jcn_B_ILE_361,0,0
1jcn_B_ILE_362,0,0
1jcn_B_ALA_363,0,0
1jcn_B_ASP_364,1,1
1jcn_B_GLY_365,1,1
1jcn_B_GLY_366,1,1
1jcn_B_ILE_367,0,0
1jcn_B_GLN_368,0,0
1jcn_B_THR_369,0,0
1jcn_B_VAL_370,0,0
1jcn_B_GLY_371,0,0
1jcn_B_HIS_372,0,0
1jcn_B_VAL_373,0,0
1jcn_B_VAL_374,0,0
1jcn_B_LYS_375,0,0
1jcn_B_ALA_376,0,0
1jcn_B_LEU_377,0,0
1jcn_B_ALA_378,0,0
1jcn_B_LEU_379,0,0
1jcn_B_GLY_380,0,0
1jcn_B_ALA_381,0,0
1jcn_B_SER_382,0,1
1jcn_B_THR_383,0,0
1jcn_B_VAL_384,0,0
1jcn_B_MET_385,1,1
1jcn_B_MET_386,0,0
1jcn_B_GLY_387,1,1
1jcn_B_SER_388,1,0
1jcn_B_LEU_389,0,0
1jcn_B_LEU_390,0,0
1jcn_B_ALA_391,0,0
1jcn_B_ALA_392,0,0
1jcn_B_THR_393,0,0
1jcn_B_THR_394,0,0
1jcn_B_GLU_395,0,0
1jcn_B_ALA_396,0,0
1jcn_B_PRO_397,0,0
1jcn_B_GLY_398,0,0
1jcn_B_GLU_399,0,0
1jcn_B_LYS_450,0,0
1jcn_B_GLY_451,0,0
1jcn_B_SER_452,0,0
1jcn_B_ILE_453,0,0
1jcn_B_GLN_454,0,0
1jcn_B_LYS_455,0,0
1jcn_B_PHE_456,0,0
1jcn_B_VAL_457,0,0
1jcn_B_PRO_458,0,0
1jcn_B_TYR_459,0,0
1jcn_B_LEU_460,0,0
1jcn_B_ILE_461,0,0
1jcn_B_ALA_462,0,0
1jcn_B_GLY_463,0,0
1jcn_B_ILE_464,0,0
1jcn_B_GLN_465,0,0
1jcn_B_HIS_466,0,0
1jcn_B_GLY_467,0,0
1jcn_B_CYS_468,0,0
1jcn_B_GLN_469,0,0
1jcn_B_ASP_470,0,0
1jcn_B_ILE_471,0,0
1jcn_B_GLY_472,0,0
1jcn_B_ALA_473,0,0
1jcn_B_ARG_474,0,0
1jcn_B_SER_475,0,0
1jcn_B_LEU_476,0,0
1jcn_B_SER_477,0,0
1jcn_B_VAL_478,0,0
1jcn_B_LEU_479,0,0
1jcn_B_ARG_480,0,0
1jcn_B_SER_481,0,0
1jcn_B_MET_482,0,0
1jcn_B_MET_483,0,0
1jcn_B_TYR_484,0,0
1jcn_B_SER_485,0,0
1jcn_B_GLY_486,0,0
1jcn_B_GLU_487,0,0
1jcn_B_LEU_488,0,0
1jcn_B_LYS_489,0,0
1jcn_B_PHE_490,0,0
1jcn_B_GLU_491,0,0
1jcn_B_LYS_492,0,0
1jcn_B_ARG_493,0,0
1jcn_B_THR_494,0,0
1jcn_B_MET_495,0,0
1jcn_B_SER_496,0,0
1jcn_B_ALA_497,0,0
1jcn_B_GLN_498,0,0
1jcn_B_ILE_499,0,0
