res_name,class,prediction
1kfg_A_THR_3,0,0
1kfg_A_TYR_4,0,0
1kfg_A_ASN_5,0,0
1kfg_A_TYR_6,0,0
1kfg_A_GLY_7,0,0
1kfg_A_GLU_8,0,0
1kfg_A_ALA_9,0,0
1kfg_A_LEU_10,0,0
1kfg_A_GLN_11,0,0
1kfg_A_LYS_12,0,0
1kfg_A_SER_13,0,0
1kfg_A_ILE_14,0,0
1kfg_A_MET_15,0,0
1kfg_A_PHE_16,0,0
1kfg_A_TYR_17,0,0
1kfg_A_GLU_18,0,0
1kfg_A_PHE_19,0,0
1kfg_A_GLN_20,0,0
1kfg_A_ARG_21,0,0
1kfg_A_SER_22,0,0
1kfg_A_GLY_23,0,0
1kfg_A_ASP_24,0,0
1kfg_A_LEU_25,0,0
1kfg_A_PRO_26,0,0
1kfg_A_ALA_27,0,0
1kfg_A_ASP_28,0,0
1kfg_A_LYS_29,0,0
1kfg_A_ARG_30,0,0
1kfg_A_ASP_31,0,0
1kfg_A_ASN_32,0,0
1kfg_A_TRP_33,0,0
1kfg_A_ARG_34,0,0
1kfg_A_ASP_35,0,0
1kfg_A_ASP_36,0,0
1kfg_A_SER_37,0,0
1kfg_A_GLY_38,0,0
1kfg_A_MET_39,0,0
1kfg_A_LYS_40,0,0
1kfg_A_ASP_41,0,0
1kfg_A_GLY_42,0,0
1kfg_A_SER_43,0,0
1kfg_A_ASP_44,0,0
1kfg_A_VAL_45,0,0
1kfg_A_GLY_46,0,0
1kfg_A_VAL_47,0,0
1kfg_A_ASP_48,0,0
1kfg_A_LEU_49,0,0
1kfg_A_THR_50,0,0
1kfg_A_GLY_51,0,0
1kfg_A_GLY_52,0,0
1kfg_A_TRP_53,0,0
1kfg_A_TYR_54,0,0
1kfg_A_ASP_55,0,0
1kfg_A_ALA_56,0,0
1kfg_A_GLY_57,0,0
1kfg_A_ASP_58,0,0
1kfg_A_HIS_59,0,0
1kfg_A_VAL_60,0,0
1kfg_A_LYS_61,0,0
1kfg_A_PHE_62,0,0
1kfg_A_ASN_63,0,0
1kfg_A_LEU_64,0,0
1kfg_A_PRO_65,0,0
1kfg_A_MET_66,0,0
1kfg_A_SER_67,0,0
1kfg_A_TYR_68,0,0
1kfg_A_THR_69,0,0
1kfg_A_SER_70,0,0
1kfg_A_ALA_71,0,0
1kfg_A_MET_72,0,0
1kfg_A_LEU_73,0,0
1kfg_A_ALA_74,0,0
1kfg_A_TRP_75,0,0
1kfg_A_SER_76,0,0
1kfg_A_LEU_77,0,0
1kfg_A_TYR_78,0,0
1kfg_A_GLU_79,0,0
1kfg_A_ASP_80,0,0
1kfg_A_LYS_81,0,0
1kfg_A_ASP_82,0,0
1kfg_A_ALA_83,0,0
1kfg_A_TYR_84,0,0
1kfg_A_ASP_85,0,0
1kfg_A_LYS_86,0,0
1kfg_A_SER_87,0,0
1kfg_A_GLY_88,0,0
1kfg_A_GLN_89,0,0
1kfg_A_THR_90,0,0
1kfg_A_LYS_91,0,0
1kfg_A_TYR_92,0,0
1kfg_A_ILE_93,0,0
1kfg_A_MET_94,0,0
1kfg_A_ASP_95,0,0
1kfg_A_GLY_96,0,0
1kfg_A_ILE_97,0,0
1kfg_A_LYS_98,0,0
1kfg_A_TRP_99,0,0
1kfg_A_ALA_100,0,0
1kfg_A_ASN_101,0,0
1kfg_A_ASP_102,0,0
1kfg_A_TYR_103,0,0
1kfg_A_PHE_104,0,0
1kfg_A_ILE_105,0,0
1kfg_A_LYS_106,0,0
1kfg_A_CYS_107,0,0
1kfg_A_ASN_108,0,0
1kfg_A_PRO_109,0,0
1kfg_A_THR_110,0,0
1kfg_A_PRO_111,0,0
1kfg_A_GLY_112,0,0
1kfg_A_VAL_113,0,0
1kfg_A_TYR_114,0,0
1kfg_A_TYR_115,0,1
1kfg_A_TYR_116,0,0
1kfg_A_GLN_117,0,0
1kfg_A_VAL_118,0,0
1kfg_A_GLY_119,0,0
1kfg_A_ASP_120,0,0
1kfg_A_GLY_121,0,0
1kfg_A_GLY_122,0,0
1kfg_A_LYS_123,0,0
1kfg_A_ASP_124,0,0
1kfg_A_HIS_125,1,0
1kfg_A_SER_126,0,0
1kfg_A_TRP_127,0,0
1kfg_A_TRP_128,0,0
1kfg_A_GLY_129,0,0
1kfg_A_PRO_130,0,0
1kfg_A_ALA_131,0,0
1kfg_A_GLU_132,0,0
1kfg_A_VAL_133,0,0
1kfg_A_MET_134,0,0
1kfg_A_GLN_135,0,0
1kfg_A_MET_136,0,0
1kfg_A_GLU_137,0,0
1kfg_A_ARG_138,0,0
1kfg_A_PRO_139,0,0
1kfg_A_SER_140,0,0
1kfg_A_PHE_141,0,0
1kfg_A_LYS_142,0,0
1kfg_A_VAL_143,0,0
1kfg_A_ASP_144,0,0
1kfg_A_ALA_145,0,0
1kfg_A_SER_146,0,0
1kfg_A_LYS_147,0,0
1kfg_A_PRO_148,0,0
1kfg_A_GLY_149,0,0
1kfg_A_SER_150,0,0
1kfg_A_ALA_151,0,0
1kfg_A_VAL_152,0,0
1kfg_A_CYS_153,0,0
1kfg_A_ALA_154,0,0
1kfg_A_SER_155,0,0
1kfg_A_THR_156,0,0
1kfg_A_ALA_157,0,0
1kfg_A_ALA_158,0,0
1kfg_A_SER_159,0,0
1kfg_A_LEU_160,0,0
1kfg_A_ALA_161,0,0
1kfg_A_SER_162,0,0
1kfg_A_ALA_163,0,0
1kfg_A_ALA_164,0,0
1kfg_A_VAL_165,0,0
1kfg_A_VAL_166,0,0
1kfg_A_PHE_167,0,0
1kfg_A_LYS_168,0,0
1kfg_A_SER_169,0,0
1kfg_A_SER_170,0,0
1kfg_A_ASP_171,0,0
1kfg_A_PRO_172,0,0
1kfg_A_THR_173,0,0
1kfg_A_TYR_174,0,0
1kfg_A_ALA_175,0,0
1kfg_A_GLU_176,0,0
1kfg_A_LYS_177,0,0
1kfg_A_CYS_178,0,0
1kfg_A_ILE_179,0,0
1kfg_A_SER_180,0,0
1kfg_A_HIS_181,0,0
1kfg_A_ALA_182,0,0
1kfg_A_LYS_183,0,0
1kfg_A_ASN_184,0,0
1kfg_A_LEU_185,0,0
1kfg_A_PHE_186,0,0
1kfg_A_ASP_187,0,0
1kfg_A_MET_188,0,0
1kfg_A_ALA_189,0,0
1kfg_A_ASP_190,0,0
1kfg_A_LYS_191,0,0
1kfg_A_ALA_192,0,0
1kfg_A_LYS_193,0,0
1kfg_A_SER_194,0,0
1kfg_A_ASP_195,0,0
1kfg_A_ALA_196,0,0
1kfg_A_GLY_197,0,0
1kfg_A_TYR_198,0,1
1kfg_A_THR_199,0,0
1kfg_A_ALA_200,0,0
1kfg_A_ALA_201,0,0
1kfg_A_SER_202,0,0
1kfg_A_GLY_203,0,0
1kfg_A_TYR_204,1,0
1kfg_A_TYR_205,1,0
1kfg_A_SER_206,0,0
1kfg_A_SER_207,0,0
1kfg_A_SER_208,0,0
1kfg_A_SER_209,0,0
1kfg_A_PHE_210,0,0
1kfg_A_TYR_211,0,0
1kfg_A_ASP_212,0,0
1kfg_A_ASP_213,0,0
1kfg_A_LEU_214,0,0
1kfg_A_SER_215,0,0
1kfg_A_TRP_216,0,0
1kfg_A_ALA_217,0,0
1kfg_A_ALA_218,0,0
1kfg_A_VAL_219,0,0
1kfg_A_TRP_220,0,0
1kfg_A_LEU_221,0,0
1kfg_A_TYR_222,0,0
1kfg_A_LEU_223,0,0
1kfg_A_ALA_224,0,0
1kfg_A_THR_225,0,0
1kfg_A_ASN_226,0,0
1kfg_A_ASP_227,0,0
1kfg_A_SER_228,0,0
1kfg_A_THR_229,0,0
1kfg_A_TYR_230,0,0
1kfg_A_LEU_231,0,0
1kfg_A_ASP_232,0,0
1kfg_A_LYS_233,0,0
1kfg_A_ALA_234,0,0
1kfg_A_GLU_235,0,0
1kfg_A_SER_236,0,0
1kfg_A_TYR_237,0,0
1kfg_A_VAL_238,0,0
1kfg_A_PRO_239,0,0
1kfg_A_ASN_240,0,0
1kfg_A_TRP_241,0,0
1kfg_A_GLY_242,0,0
1kfg_A_LYS_243,0,0
1kfg_A_GLU_244,0,0
1kfg_A_GLN_245,0,0
1kfg_A_GLN_246,0,0
1kfg_A_THR_247,0,0
1kfg_A_ASP_248,0,0
1kfg_A_ILE_249,0,0
1kfg_A_ILE_250,0,0
1kfg_A_ALA_251,0,0
1kfg_A_TYR_252,0,0
1kfg_A_LYS_253,0,0
1kfg_A_TRP_254,1,1
1kfg_A_GLY_255,0,0
1kfg_A_GLN_256,0,0
1kfg_A_CYS_257,1,0
1kfg_A_TRP_258,1,1
1kfg_A_ASP_259,1,0
1kfg_A_ASP_260,1,0
1kfg_A_VAL_261,0,0
1kfg_A_HIS_262,0,0
1kfg_A_TYR_263,0,0
1kfg_A_GLY_264,0,0
1kfg_A_ALA_265,0,0
1kfg_A_GLU_266,0,0
1kfg_A_LEU_267,0,0
1kfg_A_LEU_268,0,0
1kfg_A_LEU_269,0,0
1kfg_A_ALA_270,0,0
1kfg_A_LYS_271,0,0
1kfg_A_LEU_272,0,0
1kfg_A_THR_273,0,0
1kfg_A_ASN_274,0,0
1kfg_A_LYS_275,0,0
1kfg_A_GLN_276,0,0
1kfg_A_LEU_277,0,0
1kfg_A_TYR_278,0,0
1kfg_A_LYS_279,0,0
1kfg_A_ASP_280,0,0
1kfg_A_SER_281,0,0
1kfg_A_ILE_282,0,0
1kfg_A_GLU_283,0,0
1kfg_A_MET_284,0,0
1kfg_A_ASN_285,0,0
1kfg_A_LEU_286,0,0
1kfg_A_ASP_287,0,0
1kfg_A_PHE_288,0,0
1kfg_A_TRP_289,0,0
1kfg_A_THR_290,0,0
1kfg_A_THR_291,0,0
1kfg_A_GLY_292,0,0
1kfg_A_VAL_293,0,0
1kfg_A_ASN_294,0,0
1kfg_A_GLY_295,0,0
1kfg_A_THR_296,0,0
1kfg_A_ARG_297,0,0
1kfg_A_VAL_298,0,0
1kfg_A_SER_299,0,0
1kfg_A_TYR_300,0,0
1kfg_A_THR_301,0,0
1kfg_A_PRO_302,0,0
1kfg_A_LYS_303,0,0
1kfg_A_GLY_304,0,0
1kfg_A_LEU_305,0,0
1kfg_A_ALA_306,0,0
1kfg_A_TRP_307,0,0
1kfg_A_LEU_308,0,0
1kfg_A_PHE_309,1,0
1kfg_A_GLN_310,0,0
1kfg_A_TRP_311,1,0
1kfg_A_GLY_312,0,0
1kfg_A_SER_313,0,0
1kfg_A_LEU_314,0,0
1kfg_A_ARG_315,1,0
1kfg_A_HIS_316,0,0
1kfg_A_ALA_317,0,0
1kfg_A_THR_318,0,0
1kfg_A_THR_319,0,0
1kfg_A_GLN_320,0,0
1kfg_A_ALA_321,0,0
1kfg_A_PHE_322,0,0
1kfg_A_LEU_323,0,0
1kfg_A_ALA_324,0,0
1kfg_A_GLY_325,0,0
1kfg_A_VAL_326,0,0
1kfg_A_TYR_327,0,0
1kfg_A_ALA_328,0,0
1kfg_A_GLU_329,0,0
1kfg_A_TRP_330,0,0
1kfg_A_GLU_331,0,0
1kfg_A_GLY_332,0,0
1kfg_A_CYS_333,0,0
1kfg_A_THR_334,0,0
1kfg_A_PRO_335,0,0
1kfg_A_SER_336,0,0
1kfg_A_LYS_337,0,0
1kfg_A_VAL_338,0,0
1kfg_A_SER_339,0,0
1kfg_A_VAL_340,0,0
1kfg_A_TYR_341,0,0
1kfg_A_LYS_342,0,0
1kfg_A_ASP_343,0,0
1kfg_A_PHE_344,0,0
1kfg_A_LEU_345,0,0
1kfg_A_LYS_346,0,0
1kfg_A_SER_347,0,0
1kfg_A_GLN_348,0,0
1kfg_A_ILE_349,0,0
1kfg_A_ASP_350,0,0
1kfg_A_TYR_351,0,0
1kfg_A_ALA_352,0,0
1kfg_A_LEU_353,0,0
1kfg_A_GLY_354,0,0
1kfg_A_SER_355,0,0
1kfg_A_THR_356,0,0
1kfg_A_GLY_357,0,0
1kfg_A_ARG_358,0,0
1kfg_A_SER_359,0,0
1kfg_A_PHE_360,0,0
1kfg_A_VAL_361,0,0
1kfg_A_VAL_362,0,0
1kfg_A_GLY_363,0,0
1kfg_A_TYR_364,0,0
1kfg_A_GLY_365,0,0
1kfg_A_VAL_366,0,0
1kfg_A_ASN_367,0,0
1kfg_A_PRO_368,0,0
1kfg_A_PRO_369,0,0
1kfg_A_GLN_370,0,0
1kfg_A_HIS_371,0,0
1kfg_A_PRO_372,0,0
1kfg_A_HIS_373,0,0
1kfg_A_HIS_374,0,0
1kfg_A_ARG_375,0,0
1kfg_A_THR_376,0,0
1kfg_A_ALA_377,0,0
1kfg_A_HIS_378,0,0
1kfg_A_GLY_379,0,0
1kfg_A_SER_380,0,0
1kfg_A_TRP_381,0,0
1kfg_A_THR_382,0,0
1kfg_A_ASP_383,0,0
1kfg_A_GLN_384,0,0
1kfg_A_MET_385,0,0
1kfg_A_THR_386,0,0
1kfg_A_SER_387,0,0
1kfg_A_PRO_388,0,0
1kfg_A_THR_389,0,0
1kfg_A_TYR_390,0,0
1kfg_A_HIS_391,0,0
1kfg_A_ARG_392,0,0
1kfg_A_HIS_393,0,0
1kfg_A_THR_394,0,0
1kfg_A_ILE_395,0,0
1kfg_A_TYR_396,0,0
1kfg_A_GLY_397,0,0
1kfg_A_ALA_398,0,0
1kfg_A_LEU_399,0,0
1kfg_A_VAL_400,0,0
1kfg_A_GLY_401,0,0
1kfg_A_GLY_402,0,0
1kfg_A_PRO_403,0,0
1kfg_A_ASP_404,0,0
1kfg_A_ASN_405,0,0
1kfg_A_ALA_406,0,0
1kfg_A_ASP_407,0,0
1kfg_A_GLY_408,0,0
1kfg_A_TYR_409,0,0
1kfg_A_THR_410,0,0
1kfg_A_ASP_411,0,0
1kfg_A_GLU_412,0,0
1kfg_A_ILE_413,0,0
1kfg_A_ASN_414,0,0
1kfg_A_ASN_415,0,0
1kfg_A_TYR_416,0,0
1kfg_A_VAL_417,0,0
1kfg_A_ASN_418,0,0
1kfg_A_ASN_419,0,0
1kfg_A_GLU_420,1,0
1kfg_A_ILE_421,0,0
1kfg_A_ALA_422,0,0
1kfg_A_CYS_423,0,0
1kfg_A_ASP_424,0,0
1kfg_A_TYR_425,1,0
1kfg_A_ASN_426,0,0
1kfg_A_ALA_427,0,0
1kfg_A_GLY_428,0,0
1kfg_A_PHE_429,0,0
1kfg_A_THR_430,0,0
1kfg_A_GLY_431,0,0
1kfg_A_ALA_432,0,0
1kfg_A_LEU_433,0,0
1kfg_A_ALA_434,0,0
1kfg_A_LYS_435,0,0
1kfg_A_MET_436,0,0
1kfg_A_TYR_437,0,0
1kfg_A_LYS_438,0,0
1kfg_A_HIS_439,0,0
1kfg_A_SER_440,0,0
1kfg_A_GLY_441,0,0
1kfg_A_GLY_442,0,0
1kfg_A_ASP_443,0,0
1kfg_A_PRO_444,0,0
1kfg_A_ILE_445,0,0
1kfg_A_PRO_446,0,0
1kfg_A_ASN_447,0,0
1kfg_A_PHE_448,0,0
1kfg_A_LYS_449,0,0
1kfg_A_ALA_450,0,0
1kfg_A_ILE_451,0,0
1kfg_A_GLU_452,0,0
1kfg_A_LYS_453,0,0
1kfg_A_ILE_454,0,0
1kfg_A_THR_455,0,0
1kfg_A_ASN_456,0,0
1kfg_A_ASP_457,0,0
1kfg_A_GLU_458,0,0
1kfg_A_VAL_459,0,0
1kfg_A_ILE_460,0,0
1kfg_A_ILE_461,0,0
1kfg_A_LYS_462,0,0
1kfg_A_ALA_463,0,0
1kfg_A_GLY_464,0,0
1kfg_A_LEU_465,0,0
1kfg_A_ASN_466,0,0
1kfg_A_SER_467,0,0
1kfg_A_THR_468,0,0
1kfg_A_GLY_469,0,0
1kfg_A_PRO_470,0,0
1kfg_A_ASN_471,0,0
1kfg_A_TYR_472,0,0
1kfg_A_THR_473,0,0
1kfg_A_GLU_474,0,0
1kfg_A_ILE_475,0,0
1kfg_A_LYS_476,0,0
1kfg_A_ALA_477,0,0
1kfg_A_VAL_478,0,0
1kfg_A_VAL_479,0,0
1kfg_A_TYR_480,0,0
1kfg_A_ASN_481,0,0
1kfg_A_GLN_482,0,0
1kfg_A_THR_483,0,0
1kfg_A_GLY_484,0,0
1kfg_A_TRP_485,0,0
1kfg_A_PRO_486,0,0
1kfg_A_ALA_487,0,0
1kfg_A_ARG_488,0,0
1kfg_A_VAL_489,0,0
1kfg_A_THR_490,0,0
1kfg_A_ASP_491,0,0
1kfg_A_LYS_492,0,0
1kfg_A_ILE_493,0,0
1kfg_A_SER_494,0,0
1kfg_A_PHE_495,0,0
1kfg_A_LYS_496,0,0
1kfg_A_TYR_497,0,0
1kfg_A_PHE_498,0,0
1kfg_A_MET_499,0,0
1kfg_A_ASP_500,0,0
1kfg_A_LEU_501,0,0
1kfg_A_SER_502,0,0
1kfg_A_GLU_503,0,0
1kfg_A_ILE_504,0,0
1kfg_A_VAL_505,0,0
1kfg_A_ALA_506,0,0
1kfg_A_ALA_507,0,0
1kfg_A_GLY_508,0,0
1kfg_A_ILE_509,0,0
1kfg_A_ASP_510,0,0
1kfg_A_PRO_511,0,0
1kfg_A_LEU_512,0,0
1kfg_A_SER_513,0,0
1kfg_A_LEU_514,0,0
1kfg_A_VAL_515,0,0
1kfg_A_THR_516,0,0
1kfg_A_SER_517,0,0
1kfg_A_SER_518,0,0
1kfg_A_ASN_519,0,0
1kfg_A_TYR_520,0,0
1kfg_A_SER_521,0,0
1kfg_A_GLU_522,0,0
1kfg_A_GLY_523,0,0
1kfg_A_LYS_524,0,0
1kfg_A_ASN_525,0,0
1kfg_A_THR_526,0,0
1kfg_A_LYS_527,0,0
1kfg_A_VAL_528,0,0
1kfg_A_SER_529,0,0
1kfg_A_GLY_530,0,0
1kfg_A_VAL_531,0,0
1kfg_A_LEU_532,0,0
1kfg_A_PRO_533,0,0
1kfg_A_TRP_534,0,0
1kfg_A_ASP_535,0,0
1kfg_A_VAL_536,0,0
1kfg_A_SER_537,0,0
1kfg_A_ASN_538,0,0
1kfg_A_ASN_539,0,0
1kfg_A_VAL_540,0,0
1kfg_A_TYR_541,0,0
1kfg_A_TYR_542,0,0
1kfg_A_VAL_543,0,0
1kfg_A_ASN_544,0,0
1kfg_A_VAL_545,0,0
1kfg_A_ASP_546,0,0
1kfg_A_LEU_547,0,0
1kfg_A_THR_548,0,0
1kfg_A_GLY_549,0,0
1kfg_A_GLU_550,0,0
1kfg_A_ASN_551,0,0
1kfg_A_ILE_552,0,0
1kfg_A_TYR_553,0,0
1kfg_A_PRO_554,0,0
1kfg_A_GLY_555,0,0
1kfg_A_GLY_556,0,0
1kfg_A_GLN_557,0,0
1kfg_A_SER_558,0,0
1kfg_A_ALA_559,0,0
1kfg_A_CYS_560,0,0
1kfg_A_ARG_561,0,0
1kfg_A_ARG_562,0,0
1kfg_A_GLU_563,0,0
1kfg_A_VAL_564,0,0
1kfg_A_GLN_565,0,0
1kfg_A_PHE_566,0,0
1kfg_A_ARG_567,0,0
1kfg_A_ILE_568,0,0
1kfg_A_ALA_569,0,0
1kfg_A_ALA_570,0,0
1kfg_A_PRO_571,0,0
1kfg_A_GLN_572,0,0
1kfg_A_GLY_573,0,0
1kfg_A_THR_574,0,0
1kfg_A_THR_575,0,0
1kfg_A_TYR_576,0,0
1kfg_A_TRP_577,0,0
1kfg_A_ASN_578,0,0
1kfg_A_PRO_579,0,0
1kfg_A_LYS_580,0,0
1kfg_A_ASN_581,0,0
1kfg_A_ASP_582,0,0
1kfg_A_PHE_583,0,0
1kfg_A_SER_584,0,0
1kfg_A_TYR_585,0,0
1kfg_A_ASP_586,0,0
1kfg_A_GLY_587,0,0
1kfg_A_LEU_588,0,0
1kfg_A_PRO_589,0,0
1kfg_A_THR_590,0,0
1kfg_A_THR_591,0,0
1kfg_A_SER_592,0,0
1kfg_A_THR_593,0,0
1kfg_A_VAL_594,0,0
1kfg_A_ASN_595,0,0
1kfg_A_THR_596,0,0
1kfg_A_VAL_597,0,0
1kfg_A_THR_598,0,0
1kfg_A_ASN_599,0,0
1kfg_A_ILE_600,0,0
1kfg_A_PRO_601,0,0
1kfg_A_VAL_602,0,0
1kfg_A_TYR_603,0,0
1kfg_A_ASP_604,0,0
1kfg_A_ASN_605,0,0
1kfg_A_GLY_606,0,0
1kfg_A_VAL_607,0,0
1kfg_A_LYS_608,0,0
1kfg_A_VAL_609,0,0
1kfg_A_PHE_610,0,0
1kfg_A_GLY_611,0,0
1kfg_A_ASN_612,0,0
1kfg_A_GLU_613,0,0
1kfg_A_PRO_614,0,0
1kfg_B_GLY_2,0,0
1kfg_B_THR_3,0,0
1kfg_B_TYR_4,0,0
1kfg_B_ASN_5,0,0
1kfg_B_TYR_6,0,0
1kfg_B_GLY_7,0,0
1kfg_B_GLU_8,0,0
1kfg_B_ALA_9,0,0
1kfg_B_LEU_10,0,0
1kfg_B_GLN_11,0,0
1kfg_B_LYS_12,0,0
1kfg_B_SER_13,0,0
1kfg_B_ILE_14,0,0
1kfg_B_MET_15,0,0
1kfg_B_PHE_16,0,0
1kfg_B_TYR_17,0,0
1kfg_B_GLU_18,0,0
1kfg_B_PHE_19,0,0
1kfg_B_GLN_20,0,0
1kfg_B_ARG_21,0,0
1kfg_B_SER_22,0,0
1kfg_B_GLY_23,0,0
1kfg_B_ASP_24,0,0
1kfg_B_LEU_25,0,0
1kfg_B_PRO_26,0,0
1kfg_B_ALA_27,0,0
1kfg_B_ASP_28,0,0
1kfg_B_LYS_29,0,0
1kfg_B_ARG_30,0,0
1kfg_B_ASP_31,0,0
1kfg_B_ASN_32,0,0
1kfg_B_TRP_33,0,0
1kfg_B_ARG_34,0,0
1kfg_B_ASP_35,0,0
1kfg_B_ASP_36,0,0
1kfg_B_SER_37,0,0
1kfg_B_GLY_38,0,0
1kfg_B_MET_39,0,0
1kfg_B_LYS_40,0,0
1kfg_B_ASP_41,0,0
1kfg_B_GLY_42,0,0
1kfg_B_SER_43,0,0
1kfg_B_ASP_44,0,0
1kfg_B_VAL_45,0,0
1kfg_B_GLY_46,0,0
1kfg_B_VAL_47,0,0
1kfg_B_ASP_48,0,0
1kfg_B_LEU_49,0,0
1kfg_B_THR_50,0,0
1kfg_B_GLY_51,0,0
1kfg_B_GLY_52,0,0
1kfg_B_TRP_53,0,0
1kfg_B_TYR_54,0,0
1kfg_B_ASP_55,0,0
1kfg_B_ALA_56,0,0
1kfg_B_GLY_57,0,0
1kfg_B_ASP_58,0,0
1kfg_B_HIS_59,0,0
1kfg_B_VAL_60,0,0
1kfg_B_LYS_61,0,0
1kfg_B_PHE_62,0,0
1kfg_B_ASN_63,0,0
1kfg_B_LEU_64,0,0
1kfg_B_PRO_65,0,0
1kfg_B_MET_66,0,0
1kfg_B_SER_67,0,0
1kfg_B_TYR_68,0,0
1kfg_B_THR_69,0,0
1kfg_B_SER_70,0,0
1kfg_B_ALA_71,0,0
1kfg_B_MET_72,0,0
1kfg_B_LEU_73,0,0
1kfg_B_ALA_74,0,0
1kfg_B_TRP_75,0,0
1kfg_B_SER_76,0,0
1kfg_B_LEU_77,0,0
1kfg_B_TYR_78,0,0
1kfg_B_GLU_79,0,0
1kfg_B_ASP_80,0,0
1kfg_B_LYS_81,0,0
1kfg_B_ASP_82,0,0
1kfg_B_ALA_83,0,0
1kfg_B_TYR_84,0,0
1kfg_B_ASP_85,0,0
1kfg_B_LYS_86,0,0
1kfg_B_SER_87,0,0
1kfg_B_GLY_88,0,0
1kfg_B_GLN_89,0,0
1kfg_B_THR_90,0,0
1kfg_B_LYS_91,0,0
1kfg_B_TYR_92,0,0
1kfg_B_ILE_93,0,0
1kfg_B_MET_94,0,0
1kfg_B_ASP_95,0,0
1kfg_B_GLY_96,0,0
1kfg_B_ILE_97,0,0
1kfg_B_LYS_98,0,0
1kfg_B_TRP_99,0,0
1kfg_B_ALA_100,0,0
1kfg_B_ASN_101,0,0
1kfg_B_ASP_102,0,0
1kfg_B_TYR_103,0,0
1kfg_B_PHE_104,0,0
1kfg_B_ILE_105,0,0
1kfg_B_LYS_106,0,0
1kfg_B_CYS_107,0,0
1kfg_B_ASN_108,0,0
1kfg_B_PRO_109,0,0
1kfg_B_THR_110,0,0
1kfg_B_PRO_111,0,0
1kfg_B_GLY_112,0,0
1kfg_B_VAL_113,0,0
1kfg_B_TYR_114,0,0
1kfg_B_TYR_115,0,0
1kfg_B_TYR_116,0,0
1kfg_B_GLN_117,0,0
1kfg_B_VAL_118,0,0
1kfg_B_GLY_119,0,0
1kfg_B_ASP_120,0,0
1kfg_B_GLY_121,0,0
1kfg_B_GLY_122,0,0
1kfg_B_LYS_123,0,0
1kfg_B_ASP_124,0,0
1kfg_B_HIS_125,1,0
1kfg_B_SER_126,0,0
1kfg_B_TRP_127,0,0
1kfg_B_TRP_128,0,0
1kfg_B_GLY_129,0,0
1kfg_B_PRO_130,0,0
1kfg_B_ALA_131,0,0
1kfg_B_GLU_132,0,0
1kfg_B_VAL_133,0,0
1kfg_B_MET_134,0,0
1kfg_B_GLN_135,0,0
1kfg_B_MET_136,0,0
1kfg_B_GLU_137,0,0
1kfg_B_ARG_138,0,0
1kfg_B_PRO_139,0,0
1kfg_B_SER_140,0,0
1kfg_B_PHE_141,0,0
1kfg_B_LYS_142,0,0
1kfg_B_VAL_143,0,0
1kfg_B_ASP_144,0,0
1kfg_B_ALA_145,0,0
1kfg_B_SER_146,0,0
1kfg_B_LYS_147,0,0
1kfg_B_PRO_148,0,0
1kfg_B_GLY_149,0,0
1kfg_B_SER_150,0,0
1kfg_B_ALA_151,0,0
1kfg_B_VAL_152,0,0
1kfg_B_CYS_153,0,0
1kfg_B_ALA_154,0,0
1kfg_B_SER_155,0,0
1kfg_B_THR_156,0,0
1kfg_B_ALA_157,0,0
1kfg_B_ALA_158,0,0
1kfg_B_SER_159,0,0
1kfg_B_LEU_160,0,0
1kfg_B_ALA_161,0,0
1kfg_B_SER_162,0,0
1kfg_B_ALA_163,0,0
1kfg_B_ALA_164,0,0
1kfg_B_VAL_165,0,0
1kfg_B_VAL_166,0,0
1kfg_B_PHE_167,0,0
1kfg_B_LYS_168,0,0
1kfg_B_SER_169,0,0
1kfg_B_SER_170,0,0
1kfg_B_ASP_171,0,0
1kfg_B_PRO_172,0,0
1kfg_B_THR_173,0,0
1kfg_B_TYR_174,0,0
1kfg_B_ALA_175,0,0
1kfg_B_GLU_176,0,0
1kfg_B_LYS_177,0,0
1kfg_B_CYS_178,0,0
1kfg_B_ILE_179,0,0
1kfg_B_SER_180,0,0
1kfg_B_HIS_181,0,0
1kfg_B_ALA_182,0,0
1kfg_B_LYS_183,0,0
1kfg_B_ASN_184,0,0
1kfg_B_LEU_185,0,0
1kfg_B_PHE_186,0,0
1kfg_B_ASP_187,0,0
1kfg_B_MET_188,0,0
1kfg_B_ALA_189,0,0
1kfg_B_ASP_190,0,0
1kfg_B_LYS_191,0,0
1kfg_B_ALA_192,0,0
1kfg_B_LYS_193,0,0
1kfg_B_SER_194,0,0
1kfg_B_ASP_195,0,0
1kfg_B_ALA_196,0,0
1kfg_B_GLY_197,0,0
1kfg_B_TYR_198,0,0
1kfg_B_THR_199,0,0
1kfg_B_ALA_200,0,0
1kfg_B_ALA_201,0,0
1kfg_B_SER_202,0,0
1kfg_B_GLY_203,0,0
1kfg_B_TYR_204,1,0
1kfg_B_TYR_205,1,0
1kfg_B_SER_206,0,0
1kfg_B_SER_207,0,0
1kfg_B_SER_208,0,0
1kfg_B_SER_209,0,0
1kfg_B_PHE_210,0,0
1kfg_B_TYR_211,0,0
1kfg_B_ASP_212,0,0
1kfg_B_ASP_213,0,0
1kfg_B_LEU_214,0,0
1kfg_B_SER_215,0,0
1kfg_B_TRP_216,0,0
1kfg_B_ALA_217,0,0
1kfg_B_ALA_218,0,0
1kfg_B_VAL_219,0,0
1kfg_B_TRP_220,0,0
1kfg_B_LEU_221,0,0
1kfg_B_TYR_222,0,0
1kfg_B_LEU_223,0,0
1kfg_B_ALA_224,0,0
1kfg_B_THR_225,0,0
1kfg_B_ASN_226,0,0
1kfg_B_ASP_227,0,0
1kfg_B_SER_228,0,0
1kfg_B_THR_229,0,0
1kfg_B_TYR_230,0,0
1kfg_B_LEU_231,0,0
1kfg_B_ASP_232,0,0
1kfg_B_LYS_233,0,0
1kfg_B_ALA_234,0,0
1kfg_B_GLU_235,0,0
1kfg_B_SER_236,0,0
1kfg_B_TYR_237,0,0
1kfg_B_VAL_238,0,0
1kfg_B_PRO_239,0,0
1kfg_B_ASN_240,0,0
1kfg_B_TRP_241,0,0
1kfg_B_GLY_242,0,0
1kfg_B_LYS_243,0,0
1kfg_B_GLU_244,0,0
1kfg_B_GLN_245,0,0
1kfg_B_GLN_246,0,0
1kfg_B_THR_247,0,0
1kfg_B_ASP_248,0,0
1kfg_B_ILE_249,0,0
1kfg_B_ILE_250,0,0
1kfg_B_ALA_251,0,0
1kfg_B_TYR_252,0,0
1kfg_B_LYS_253,0,0
1kfg_B_TRP_254,1,1
1kfg_B_GLY_255,0,0
1kfg_B_GLN_256,0,0
1kfg_B_CYS_257,1,0
1kfg_B_TRP_258,1,0
1kfg_B_ASP_259,1,0
1kfg_B_ASP_260,1,0
1kfg_B_VAL_261,0,0
1kfg_B_HIS_262,0,0
1kfg_B_TYR_263,0,0
1kfg_B_GLY_264,0,0
1kfg_B_ALA_265,0,0
1kfg_B_GLU_266,0,0
1kfg_B_LEU_267,0,0
1kfg_B_LEU_268,0,0
1kfg_B_LEU_269,0,0
1kfg_B_ALA_270,0,0
1kfg_B_LYS_271,0,0
1kfg_B_LEU_272,0,0
1kfg_B_THR_273,0,0
1kfg_B_ASN_274,0,0
1kfg_B_LYS_275,0,0
1kfg_B_GLN_276,0,0
1kfg_B_LEU_277,0,0
1kfg_B_TYR_278,0,0
1kfg_B_LYS_279,0,0
1kfg_B_ASP_280,0,0
1kfg_B_SER_281,0,0
1kfg_B_ILE_282,0,0
1kfg_B_GLU_283,0,0
1kfg_B_MET_284,0,0
1kfg_B_ASN_285,0,0
1kfg_B_LEU_286,0,0
1kfg_B_ASP_287,0,0
1kfg_B_PHE_288,0,0
1kfg_B_TRP_289,0,0
1kfg_B_THR_290,0,0
1kfg_B_THR_291,0,0
1kfg_B_GLY_292,0,0
1kfg_B_VAL_293,0,0
1kfg_B_ASN_294,0,0
1kfg_B_GLY_295,0,0
1kfg_B_THR_296,0,0
1kfg_B_ARG_297,0,0
1kfg_B_VAL_298,0,0
1kfg_B_SER_299,0,0
1kfg_B_TYR_300,0,0
1kfg_B_THR_301,0,0
1kfg_B_PRO_302,0,0
1kfg_B_LYS_303,0,0
1kfg_B_GLY_304,0,0
1kfg_B_LEU_305,0,0
1kfg_B_ALA_306,0,0
1kfg_B_TRP_307,0,0
1kfg_B_LEU_308,0,0
1kfg_B_PHE_309,0,0
1kfg_B_GLN_310,0,0
1kfg_B_TRP_311,0,0
1kfg_B_GLY_312,0,0
1kfg_B_SER_313,0,0
1kfg_B_LEU_314,0,0
1kfg_B_ARG_315,1,0
1kfg_B_HIS_316,0,0
1kfg_B_ALA_317,0,0
1kfg_B_THR_318,0,0
1kfg_B_THR_319,0,0
1kfg_B_GLN_320,0,0
1kfg_B_ALA_321,0,0
1kfg_B_PHE_322,0,0
1kfg_B_LEU_323,0,0
1kfg_B_ALA_324,0,0
1kfg_B_GLY_325,0,0
1kfg_B_VAL_326,0,0
1kfg_B_TYR_327,0,0
1kfg_B_ALA_328,0,0
1kfg_B_GLU_329,0,0
1kfg_B_TRP_330,0,0
1kfg_B_GLU_331,0,0
1kfg_B_GLY_332,0,0
1kfg_B_CYS_333,0,0
1kfg_B_THR_334,0,0
1kfg_B_PRO_335,0,0
1kfg_B_SER_336,0,0
1kfg_B_LYS_337,0,0
1kfg_B_VAL_338,0,0
1kfg_B_SER_339,0,0
1kfg_B_VAL_340,0,0
1kfg_B_TYR_341,0,0
1kfg_B_LYS_342,0,0
1kfg_B_ASP_343,0,0
1kfg_B_PHE_344,0,0
1kfg_B_LEU_345,0,0
1kfg_B_LYS_346,0,0
1kfg_B_SER_347,0,0
1kfg_B_GLN_348,0,0
1kfg_B_ILE_349,0,0
1kfg_B_ASP_350,0,0
1kfg_B_TYR_351,0,0
1kfg_B_ALA_352,0,0
1kfg_B_LEU_353,0,0
1kfg_B_GLY_354,0,0
1kfg_B_SER_355,0,0
1kfg_B_THR_356,0,0
1kfg_B_GLY_357,0,0
1kfg_B_ARG_358,0,0
1kfg_B_SER_359,0,0
1kfg_B_PHE_360,0,0
1kfg_B_VAL_361,0,0
1kfg_B_VAL_362,0,0
1kfg_B_GLY_363,0,0
1kfg_B_TYR_364,0,0
1kfg_B_GLY_365,0,0
1kfg_B_VAL_366,0,0
1kfg_B_ASN_367,0,0
1kfg_B_PRO_368,0,0
1kfg_B_PRO_369,0,0
1kfg_B_GLN_370,0,0
1kfg_B_HIS_371,0,0
1kfg_B_PRO_372,0,0
1kfg_B_HIS_373,0,0
1kfg_B_HIS_374,0,0
1kfg_B_ARG_375,0,0
1kfg_B_THR_376,0,0
1kfg_B_ALA_377,0,0
1kfg_B_HIS_378,0,0
1kfg_B_GLY_379,0,0
1kfg_B_SER_380,0,0
1kfg_B_TRP_381,0,0
1kfg_B_THR_382,0,0
1kfg_B_ASP_383,0,0
1kfg_B_GLN_384,0,0
1kfg_B_MET_385,0,0
1kfg_B_THR_386,0,0
1kfg_B_SER_387,0,0
1kfg_B_PRO_388,0,0
1kfg_B_THR_389,0,0
1kfg_B_TYR_390,0,0
1kfg_B_HIS_391,0,0
1kfg_B_ARG_392,0,0
1kfg_B_HIS_393,0,0
1kfg_B_THR_394,0,0
1kfg_B_ILE_395,0,0
1kfg_B_TYR_396,0,0
1kfg_B_GLY_397,0,0
1kfg_B_ALA_398,0,0
1kfg_B_LEU_399,0,0
1kfg_B_VAL_400,0,0
1kfg_B_GLY_401,0,0
1kfg_B_GLY_402,0,0
1kfg_B_PRO_403,0,0
1kfg_B_ASP_404,0,0
1kfg_B_ASN_405,0,0
1kfg_B_ALA_406,0,0
1kfg_B_ASP_407,0,0
1kfg_B_GLY_408,0,0
1kfg_B_TYR_409,0,0
1kfg_B_THR_410,0,0
1kfg_B_ASP_411,0,0
1kfg_B_GLU_412,0,0
1kfg_B_ILE_413,0,0
1kfg_B_ASN_414,0,0
1kfg_B_ASN_415,0,0
1kfg_B_TYR_416,0,0
1kfg_B_VAL_417,0,0
1kfg_B_ASN_418,0,0
1kfg_B_ASN_419,0,0
1kfg_B_GLU_420,0,0
1kfg_B_ILE_421,0,0
1kfg_B_ALA_422,0,0
1kfg_B_CYS_423,0,0
1kfg_B_ASP_424,0,0
1kfg_B_TYR_425,1,0
1kfg_B_ASN_426,0,0
1kfg_B_ALA_427,0,0
1kfg_B_GLY_428,0,0
1kfg_B_PHE_429,0,0
1kfg_B_THR_430,0,0
1kfg_B_GLY_431,0,0
1kfg_B_ALA_432,0,0
1kfg_B_LEU_433,0,0
1kfg_B_ALA_434,0,0
1kfg_B_LYS_435,0,0
1kfg_B_MET_436,0,0
1kfg_B_TYR_437,0,0
1kfg_B_LYS_438,0,0
1kfg_B_HIS_439,0,0
1kfg_B_SER_440,0,0
1kfg_B_GLY_441,0,0
1kfg_B_GLY_442,0,0
1kfg_B_ASP_443,0,0
1kfg_B_PRO_444,0,0
1kfg_B_ILE_445,0,0
1kfg_B_PRO_446,0,0
1kfg_B_ASN_447,0,0
1kfg_B_PHE_448,0,0
1kfg_B_LYS_449,0,0
1kfg_B_ALA_450,0,0
1kfg_B_ILE_451,0,0
1kfg_B_GLU_452,0,0
1kfg_B_LYS_453,0,0
1kfg_B_ILE_454,0,0
1kfg_B_THR_455,0,0
1kfg_B_ASN_456,0,0
1kfg_B_ASP_457,0,0
1kfg_B_GLU_458,0,0
1kfg_B_VAL_459,0,0
1kfg_B_ILE_460,0,0
1kfg_B_ILE_461,0,0
1kfg_B_LYS_462,0,0
1kfg_B_ALA_463,0,0
1kfg_B_GLY_464,0,0
1kfg_B_LEU_465,0,0
1kfg_B_ASN_466,0,0
1kfg_B_SER_467,0,0
1kfg_B_THR_468,0,0
1kfg_B_GLY_469,0,0
1kfg_B_PRO_470,0,0
1kfg_B_ASN_471,0,0
1kfg_B_TYR_472,0,0
1kfg_B_THR_473,0,0
1kfg_B_GLU_474,0,0
1kfg_B_ILE_475,0,0
1kfg_B_LYS_476,0,0
1kfg_B_ALA_477,0,0
1kfg_B_VAL_478,0,0
1kfg_B_VAL_479,0,0
1kfg_B_TYR_480,0,0
1kfg_B_ASN_481,0,0
1kfg_B_GLN_482,0,0
1kfg_B_THR_483,0,0
1kfg_B_GLY_484,0,0
1kfg_B_TRP_485,0,0
1kfg_B_PRO_486,0,0
1kfg_B_ALA_487,0,0
1kfg_B_ARG_488,0,0
1kfg_B_VAL_489,0,0
1kfg_B_THR_490,0,0
1kfg_B_ASP_491,0,0
1kfg_B_LYS_492,0,0
1kfg_B_ILE_493,0,0
1kfg_B_SER_494,0,0
1kfg_B_PHE_495,0,0
1kfg_B_LYS_496,0,0
1kfg_B_TYR_497,0,0
1kfg_B_PHE_498,0,0
1kfg_B_MET_499,0,0
1kfg_B_ASP_500,0,0
1kfg_B_LEU_501,0,0
1kfg_B_SER_502,0,0
1kfg_B_GLU_503,0,0
1kfg_B_ILE_504,0,0
1kfg_B_VAL_505,0,0
1kfg_B_ALA_506,0,0
1kfg_B_ALA_507,0,0
1kfg_B_GLY_508,0,0
1kfg_B_ILE_509,0,0
1kfg_B_ASP_510,0,0
1kfg_B_PRO_511,0,0
1kfg_B_LEU_512,0,0
1kfg_B_SER_513,0,0
1kfg_B_LEU_514,0,0
1kfg_B_VAL_515,0,0
1kfg_B_THR_516,0,0
1kfg_B_SER_517,0,0
1kfg_B_SER_518,0,0
1kfg_B_ASN_519,0,0
1kfg_B_TYR_520,0,0
1kfg_B_SER_521,0,0
1kfg_B_GLU_522,0,0
1kfg_B_GLY_523,0,0
1kfg_B_LYS_524,0,0
1kfg_B_ASN_525,0,0
1kfg_B_THR_526,0,0
1kfg_B_LYS_527,0,0
1kfg_B_VAL_528,0,0
1kfg_B_SER_529,0,0
1kfg_B_GLY_530,0,0
1kfg_B_VAL_531,0,0
1kfg_B_LEU_532,0,0
1kfg_B_PRO_533,0,0
1kfg_B_TRP_534,0,0
1kfg_B_ASP_535,0,0
1kfg_B_VAL_536,0,0
1kfg_B_SER_537,0,0
1kfg_B_ASN_538,0,0
1kfg_B_ASN_539,0,0
1kfg_B_VAL_540,0,0
1kfg_B_TYR_541,0,0
1kfg_B_TYR_542,0,0
1kfg_B_VAL_543,0,0
1kfg_B_ASN_544,0,0
1kfg_B_VAL_545,0,0
1kfg_B_ASP_546,0,0
1kfg_B_LEU_547,0,0
1kfg_B_THR_548,0,0
1kfg_B_GLY_549,0,0
1kfg_B_GLU_550,0,0
1kfg_B_ASN_551,0,0
1kfg_B_ILE_552,0,0
1kfg_B_TYR_553,0,0
1kfg_B_PRO_554,0,0
1kfg_B_GLY_555,0,0
1kfg_B_GLY_556,0,0
1kfg_B_GLN_557,0,0
1kfg_B_SER_558,0,0
1kfg_B_ALA_559,0,0
1kfg_B_CYS_560,0,0
1kfg_B_ARG_561,0,0
1kfg_B_ARG_562,0,0
1kfg_B_GLU_563,0,0
1kfg_B_VAL_564,0,0
1kfg_B_GLN_565,0,0
1kfg_B_PHE_566,0,0
1kfg_B_ARG_567,0,0
1kfg_B_ILE_568,0,0
1kfg_B_ALA_569,0,0
1kfg_B_ALA_570,0,0
1kfg_B_PRO_571,0,0
1kfg_B_GLN_572,0,0
1kfg_B_GLY_573,0,0
1kfg_B_THR_574,0,0
1kfg_B_THR_575,0,0
1kfg_B_TYR_576,0,0
1kfg_B_TRP_577,0,0
1kfg_B_ASN_578,0,0
1kfg_B_PRO_579,0,0
1kfg_B_LYS_580,0,0
1kfg_B_ASN_581,0,0
1kfg_B_ASP_582,0,0
1kfg_B_PHE_583,0,0
1kfg_B_SER_584,0,0
1kfg_B_TYR_585,0,0
1kfg_B_ASP_586,0,0
1kfg_B_GLY_587,0,0
1kfg_B_LEU_588,0,0
1kfg_B_PRO_589,0,0
1kfg_B_THR_590,0,0
1kfg_B_THR_591,0,0
1kfg_B_SER_592,0,0
1kfg_B_THR_593,0,0
1kfg_B_VAL_594,0,0
1kfg_B_ASN_595,0,0
1kfg_B_THR_596,0,0
1kfg_B_VAL_597,0,0
1kfg_B_THR_598,0,0
1kfg_B_ASN_599,0,0
1kfg_B_ILE_600,0,0
1kfg_B_PRO_601,0,0
1kfg_B_VAL_602,0,0
1kfg_B_TYR_603,0,0
1kfg_B_ASP_604,0,0
1kfg_B_ASN_605,0,0
1kfg_B_GLY_606,0,0
1kfg_B_VAL_607,0,0
1kfg_B_LYS_608,0,0
1kfg_B_VAL_609,0,0
1kfg_B_PHE_610,0,0
1kfg_B_GLY_611,0,0
1kfg_B_ASN_612,0,0
1kfg_B_GLU_613,0,0
1kfg_B_PRO_614,0,0
