res_name,class,prediction
1l6m_A_THR_4,0,0
1l6m_A_SER_5,0,0
1l6m_A_ASP_6,0,0
1l6m_A_LEU_7,0,0
1l6m_A_ILE_8,0,0
1l6m_A_PRO_9,0,0
1l6m_A_ALA_10,0,0
1l6m_A_PRO_11,0,0
1l6m_A_PRO_12,0,0
1l6m_A_LEU_13,0,0
1l6m_A_SER_14,0,0
1l6m_A_LYS_15,0,0
1l6m_A_VAL_16,0,0
1l6m_A_PRO_17,0,0
1l6m_A_LEU_18,0,0
1l6m_A_GLN_19,0,0
1l6m_A_GLN_20,0,0
1l6m_A_ASN_21,0,0
1l6m_A_PHE_22,0,0
1l6m_A_GLN_23,0,0
1l6m_A_ASP_24,0,0
1l6m_A_ASN_25,0,0
1l6m_A_GLN_26,0,0
1l6m_A_PHE_27,0,0
1l6m_A_GLN_28,0,0
1l6m_A_GLY_29,0,0
1l6m_A_LYS_30,0,0
1l6m_A_TRP_31,0,0
1l6m_A_TYR_32,0,0
1l6m_A_VAL_33,0,0
1l6m_A_VAL_34,0,0
1l6m_A_GLY_35,0,0
1l6m_A_LEU_36,0,0
1l6m_A_ALA_37,0,0
1l6m_A_GLY_38,0,0
1l6m_A_ASN_39,0,0
1l6m_A_ALA_40,1,1
1l6m_A_ILE_41,0,0
1l6m_A_LEU_42,0,0
1l6m_A_ARG_43,0,0
1l6m_A_GLU_44,0,0
1l6m_A_ASP_45,0,0
1l6m_A_LYS_46,0,0
1l6m_A_ASP_47,0,0
1l6m_A_PRO_48,0,0
1l6m_A_GLN_49,0,0
1l6m_A_LYS_50,0,0
1l6m_A_MET_51,0,0
1l6m_A_TYR_52,1,1
1l6m_A_ALA_53,0,0
1l6m_A_THR_54,0,0
1l6m_A_ILE_55,0,0
1l6m_A_TYR_56,0,0
1l6m_A_GLU_57,0,0
1l6m_A_LEU_58,0,0
1l6m_A_LYS_59,0,0
1l6m_A_GLU_60,0,0
1l6m_A_ASP_61,0,0
1l6m_A_LYS_62,0,0
1l6m_A_SER_63,0,0
1l6m_A_TYR_64,0,0
1l6m_A_ASN_65,0,0
1l6m_A_VAL_66,0,0
1l6m_A_THR_67,0,0
1l6m_A_SER_68,1,1
1l6m_A_VAL_69,0,0
1l6m_A_LEU_70,0,0
1l6m_A_PHE_71,0,0
1l6m_A_ARG_72,0,0
1l6m_A_LYS_73,0,0
1l6m_A_LYS_74,0,0
1l6m_A_LYS_75,0,0
1l6m_A_CYS_76,0,0
1l6m_A_ASP_77,0,0
1l6m_A_TYR_78,0,0
1l6m_A_TRP_79,1,1
1l6m_A_ILE_80,0,0
1l6m_A_ARG_81,1,0
1l6m_A_THR_82,0,0
1l6m_A_PHE_83,0,0
1l6m_A_VAL_84,0,0
1l6m_A_PRO_85,0,0
1l6m_A_GLY_86,0,0
1l6m_A_SER_87,0,0
1l6m_A_GLN_88,0,0
1l6m_A_PRO_89,0,0
1l6m_A_GLY_90,0,0
1l6m_A_GLU_91,0,0
1l6m_A_PHE_92,0,1
1l6m_A_THR_93,0,0
1l6m_A_LEU_94,1,0
1l6m_A_GLY_95,0,0
1l6m_A_ASN_96,0,0
1l6m_A_ILE_97,0,0
1l6m_A_LYS_98,0,0
1l6m_A_SER_99,0,0
1l6m_A_TYR_100,1,1
1l6m_A_PRO_101,0,0
1l6m_A_GLY_102,0,0
1l6m_A_LEU_103,0,0
1l6m_A_THR_104,0,0
1l6m_A_SER_105,0,0
1l6m_A_TYR_106,1,1
1l6m_A_LEU_107,0,0
1l6m_A_VAL_108,0,0
1l6m_A_ARG_109,0,0
1l6m_A_VAL_110,0,0
1l6m_A_VAL_111,0,0
1l6m_A_SER_112,0,0
1l6m_A_THR_113,0,0
1l6m_A_ASN_114,0,0
1l6m_A_TYR_115,0,0
1l6m_A_ASN_116,0,0
1l6m_A_GLN_117,0,0
1l6m_A_HIS_118,0,0
1l6m_A_ALA_119,0,0
1l6m_A_MET_120,0,0
1l6m_A_VAL_121,0,0
1l6m_A_PHE_122,0,0
1l6m_A_PHE_123,1,1
1l6m_A_LYS_124,0,0
1l6m_A_LYS_125,1,1
1l6m_A_VAL_126,0,0
1l6m_A_SER_127,0,0
1l6m_A_GLN_128,0,0
1l6m_A_ASN_129,0,0
1l6m_A_ARG_130,0,0
1l6m_A_GLU_131,0,0
1l6m_A_TYR_132,1,1
1l6m_A_PHE_133,0,0
1l6m_A_LYS_134,1,1
1l6m_A_ILE_135,0,0
1l6m_A_THR_136,0,0
1l6m_A_LEU_137,0,0
1l6m_A_TYR_138,0,0
1l6m_A_GLY_139,0,0
1l6m_A_ARG_140,0,0
1l6m_A_THR_141,0,0
1l6m_A_LYS_142,0,0
1l6m_A_GLU_143,0,0
1l6m_A_LEU_144,0,0
1l6m_A_THR_145,0,0
1l6m_A_SER_146,0,0
1l6m_A_GLU_147,0,0
1l6m_A_LEU_148,0,0
1l6m_A_LYS_149,0,0
1l6m_A_GLU_150,0,0
1l6m_A_ASN_151,0,0
1l6m_A_PHE_152,0,0
1l6m_A_ILE_153,0,0
1l6m_A_ARG_154,0,0
1l6m_A_PHE_155,0,0
1l6m_A_SER_156,0,0
1l6m_A_LYS_157,0,0
1l6m_A_SER_158,0,0
1l6m_A_LEU_159,0,0
1l6m_A_GLY_160,0,0
1l6m_A_LEU_161,0,0
1l6m_A_PRO_162,0,0
1l6m_A_GLU_163,0,0
1l6m_A_ASN_164,0,0
1l6m_A_HIS_165,0,0
1l6m_A_ILE_166,0,0
1l6m_A_VAL_167,0,0
1l6m_A_PHE_168,0,0
1l6m_A_PRO_169,0,0
1l6m_A_VAL_170,0,0
1l6m_A_PRO_171,0,0
1l6m_A_ILE_172,0,0
1l6m_A_ASP_173,0,0
1l6m_A_GLN_174,0,0
1l6m_A_CYS_175,0,0
1l6m_A_ILE_176,0,0
1l6m_A_ASP_177,0,0
1l6m_B_THR_4,0,0
1l6m_B_SER_5,0,0
1l6m_B_ASP_6,0,0
1l6m_B_LEU_7,0,0
1l6m_B_ILE_8,0,0
1l6m_B_PRO_9,0,0
1l6m_B_ALA_10,0,0
1l6m_B_PRO_11,0,0
1l6m_B_PRO_12,0,0
1l6m_B_LEU_13,0,0
1l6m_B_SER_14,0,0
1l6m_B_LYS_15,0,0
1l6m_B_VAL_16,0,0
1l6m_B_PRO_17,0,0
1l6m_B_LEU_18,0,0
1l6m_B_GLN_19,0,0
1l6m_B_GLN_20,0,0
1l6m_B_ASN_21,0,0
1l6m_B_PHE_22,0,0
1l6m_B_GLN_23,0,0
1l6m_B_ASP_24,0,0
1l6m_B_ASN_25,0,0
1l6m_B_GLN_26,0,0
1l6m_B_PHE_27,0,0
1l6m_B_GLN_28,0,0
1l6m_B_GLY_29,0,0
1l6m_B_LYS_30,0,0
1l6m_B_TRP_31,0,0
1l6m_B_TYR_32,0,0
1l6m_B_VAL_33,0,0
1l6m_B_VAL_34,0,0
1l6m_B_GLY_35,0,0
1l6m_B_LEU_36,0,0
1l6m_B_ALA_37,0,0
1l6m_B_GLY_38,0,0
1l6m_B_ASN_39,0,0
1l6m_B_ALA_40,1,0
1l6m_B_ILE_41,0,0
1l6m_B_LEU_42,0,0
1l6m_B_ARG_43,0,0
1l6m_B_PRO_48,0,0
1l6m_B_GLN_49,0,0
1l6m_B_LYS_50,0,0
1l6m_B_MET_51,0,0
1l6m_B_TYR_52,0,1
1l6m_B_ALA_53,0,0
1l6m_B_THR_54,0,0
1l6m_B_ILE_55,0,0
1l6m_B_TYR_56,0,0
1l6m_B_GLU_57,0,0
1l6m_B_LEU_58,0,0
1l6m_B_LYS_59,0,0
1l6m_B_GLU_60,0,0
1l6m_B_ASP_61,0,0
1l6m_B_LYS_62,0,0
1l6m_B_SER_63,0,0
1l6m_B_TYR_64,0,0
1l6m_B_ASN_65,0,0
1l6m_B_VAL_66,0,0
1l6m_B_THR_67,0,0
1l6m_B_SER_68,1,1
1l6m_B_VAL_69,0,0
1l6m_B_LEU_70,0,0
1l6m_B_PHE_71,0,0
1l6m_B_ARG_72,0,0
1l6m_B_LYS_73,0,0
1l6m_B_LYS_74,0,0
1l6m_B_LYS_75,0,0
1l6m_B_CYS_76,0,0
1l6m_B_ASP_77,0,0
1l6m_B_TYR_78,0,0
1l6m_B_TRP_79,0,0
1l6m_B_ILE_80,0,0
1l6m_B_ARG_81,1,0
1l6m_B_THR_82,0,0
1l6m_B_PHE_83,0,1
1l6m_B_VAL_84,0,0
1l6m_B_PRO_85,0,0
1l6m_B_GLY_86,0,0
1l6m_B_SER_87,0,0
1l6m_B_GLN_88,0,0
1l6m_B_PRO_89,0,0
1l6m_B_GLY_90,0,0
1l6m_B_GLU_91,0,0
1l6m_B_PHE_92,0,1
1l6m_B_THR_93,0,0
1l6m_B_LEU_94,0,0
1l6m_B_GLY_95,0,0
1l6m_B_ASN_96,0,0
1l6m_B_ILE_97,0,0
1l6m_B_LYS_98,0,0
1l6m_B_SER_99,0,0
1l6m_B_TYR_100,0,0
1l6m_B_PRO_101,0,0
1l6m_B_GLY_102,0,0
1l6m_B_LEU_103,0,1
1l6m_B_THR_104,0,0
1l6m_B_SER_105,0,0
1l6m_B_TYR_106,1,1
1l6m_B_LEU_107,0,0
1l6m_B_VAL_108,0,0
1l6m_B_ARG_109,0,0
1l6m_B_VAL_110,0,0
1l6m_B_VAL_111,0,0
1l6m_B_SER_112,0,0
1l6m_B_THR_113,0,0
1l6m_B_ASN_114,0,0
1l6m_B_TYR_115,0,0
1l6m_B_ASN_116,0,0
1l6m_B_GLN_117,0,0
1l6m_B_HIS_118,0,0
1l6m_B_ALA_119,0,0
1l6m_B_MET_120,0,0
1l6m_B_VAL_121,0,0
1l6m_B_PHE_122,0,0
1l6m_B_PHE_123,1,1
1l6m_B_LYS_124,0,0
1l6m_B_LYS_125,1,1
1l6m_B_VAL_126,0,0
1l6m_B_SER_127,0,0
1l6m_B_GLN_128,0,0
1l6m_B_ASN_129,0,0
1l6m_B_ARG_130,0,0
1l6m_B_GLU_131,0,0
1l6m_B_TYR_132,1,1
1l6m_B_PHE_133,0,0
1l6m_B_LYS_134,1,1
1l6m_B_ILE_135,0,0
1l6m_B_THR_136,0,0
1l6m_B_LEU_137,0,0
1l6m_B_TYR_138,0,0
1l6m_B_GLY_139,0,0
1l6m_B_ARG_140,0,0
1l6m_B_THR_141,0,0
1l6m_B_LYS_142,0,0
1l6m_B_GLU_143,0,0
1l6m_B_LEU_144,0,0
1l6m_B_THR_145,0,0
1l6m_B_GLU_147,0,0
1l6m_B_LEU_148,0,0
1l6m_B_LYS_149,0,0
1l6m_B_GLU_150,0,0
1l6m_B_ASN_151,0,0
1l6m_B_PHE_152,0,0
1l6m_B_ILE_153,0,0
1l6m_B_ARG_154,0,0
1l6m_B_PHE_155,0,0
1l6m_B_SER_156,0,0
1l6m_B_LYS_157,0,0
1l6m_B_SER_158,0,0
1l6m_B_LEU_159,0,0
1l6m_B_GLY_160,0,0
1l6m_B_LEU_161,0,0
1l6m_B_PRO_162,0,0
1l6m_B_GLU_163,0,0
1l6m_B_ASN_164,0,0
1l6m_B_HIS_165,0,0
1l6m_B_ILE_166,0,0
1l6m_B_VAL_167,0,0
1l6m_B_PHE_168,0,0
1l6m_B_PRO_169,0,0
1l6m_B_VAL_170,0,0
1l6m_B_PRO_171,0,0
1l6m_B_ILE_172,0,0
1l6m_B_ASP_173,0,0
1l6m_B_GLN_174,0,0
1l6m_B_CYS_175,0,0
1l6m_B_ILE_176,0,0
1l6m_B_ASP_177,0,0
1l6m_C_SER_5,0,0
1l6m_C_ASP_6,0,0
1l6m_C_LEU_7,0,0
1l6m_C_ILE_8,0,0
1l6m_C_PRO_9,0,0
1l6m_C_ALA_10,0,0
1l6m_C_PRO_11,0,0
1l6m_C_PRO_12,0,0
1l6m_C_LEU_13,0,0
1l6m_C_SER_14,0,0
1l6m_C_LYS_15,0,0
1l6m_C_VAL_16,0,0
1l6m_C_PRO_17,0,0
1l6m_C_LEU_18,0,0
1l6m_C_GLN_19,0,0
1l6m_C_GLN_20,0,0
1l6m_C_ASN_21,0,0
1l6m_C_PHE_22,0,0
1l6m_C_GLN_23,0,0
1l6m_C_ASP_24,0,0
1l6m_C_ASN_25,0,0
1l6m_C_GLN_26,0,0
1l6m_C_PHE_27,0,0
1l6m_C_GLN_28,0,0
1l6m_C_GLY_29,0,0
1l6m_C_LYS_30,0,0
1l6m_C_TRP_31,0,0
1l6m_C_TYR_32,0,0
1l6m_C_VAL_33,0,0
1l6m_C_VAL_34,0,0
1l6m_C_GLY_35,0,0
1l6m_C_LEU_36,0,0
1l6m_C_ALA_37,0,0
1l6m_C_GLY_38,0,0
1l6m_C_ASN_39,0,0
1l6m_C_ALA_40,1,0
1l6m_C_ILE_41,0,0
1l6m_C_LEU_42,0,0
1l6m_C_ARG_43,0,0
1l6m_C_GLU_44,0,0
1l6m_C_ASP_45,0,0
1l6m_C_LYS_46,0,0
1l6m_C_ASP_47,0,0
1l6m_C_PRO_48,0,0
1l6m_C_GLN_49,0,0
1l6m_C_LYS_50,0,0
1l6m_C_MET_51,0,0
1l6m_C_TYR_52,1,1
1l6m_C_ALA_53,0,0
1l6m_C_THR_54,0,0
1l6m_C_ILE_55,0,0
1l6m_C_TYR_56,0,0
1l6m_C_GLU_57,0,0
1l6m_C_LEU_58,0,0
1l6m_C_LYS_59,0,0
1l6m_C_GLU_60,0,0
1l6m_C_ASP_61,0,0
1l6m_C_LYS_62,0,0
1l6m_C_SER_63,0,0
1l6m_C_TYR_64,0,0
1l6m_C_ASN_65,0,0
1l6m_C_VAL_66,0,0
1l6m_C_THR_67,0,0
1l6m_C_SER_68,1,0
1l6m_C_VAL_69,0,0
1l6m_C_LEU_70,0,0
1l6m_C_PHE_71,0,0
1l6m_C_ARG_72,0,0
1l6m_C_LYS_73,0,0
1l6m_C_LYS_74,0,0
1l6m_C_LYS_75,0,0
1l6m_C_CYS_76,0,0
1l6m_C_ASP_77,0,0
1l6m_C_TYR_78,0,0
1l6m_C_TRP_79,1,0
1l6m_C_ILE_80,0,0
1l6m_C_ARG_81,1,0
1l6m_C_THR_82,0,0
1l6m_C_PHE_83,0,0
1l6m_C_VAL_84,0,0
1l6m_C_PRO_85,0,0
1l6m_C_GLY_86,0,0
1l6m_C_SER_87,0,0
1l6m_C_GLN_88,0,0
1l6m_C_PRO_89,0,0
1l6m_C_GLY_90,0,0
1l6m_C_GLU_91,0,0
1l6m_C_PHE_92,0,1
1l6m_C_THR_93,0,0
1l6m_C_LEU_94,0,1
1l6m_C_GLY_95,0,0
1l6m_C_ASN_96,0,0
1l6m_C_ILE_97,0,0
1l6m_C_LYS_98,0,0
1l6m_C_SER_99,0,0
1l6m_C_TYR_100,0,1
1l6m_C_PRO_101,0,0
1l6m_C_GLY_102,0,0
1l6m_C_LEU_103,0,1
1l6m_C_THR_104,0,0
1l6m_C_SER_105,0,0
1l6m_C_TYR_106,1,1
1l6m_C_LEU_107,0,0
1l6m_C_VAL_108,0,0
1l6m_C_ARG_109,0,0
1l6m_C_VAL_110,0,0
1l6m_C_VAL_111,0,0
1l6m_C_SER_112,0,0
1l6m_C_THR_113,0,0
1l6m_C_ASN_114,0,0
1l6m_C_TYR_115,0,0
1l6m_C_ASN_116,0,0
1l6m_C_GLN_117,0,0
1l6m_C_HIS_118,0,0
1l6m_C_ALA_119,0,0
1l6m_C_MET_120,0,0
1l6m_C_VAL_121,0,0
1l6m_C_PHE_122,0,0
1l6m_C_PHE_123,1,1
1l6m_C_LYS_124,0,0
1l6m_C_LYS_125,1,1
1l6m_C_VAL_126,0,0
1l6m_C_SER_127,0,0
1l6m_C_GLN_128,0,0
1l6m_C_ASN_129,0,0
1l6m_C_ARG_130,0,0
1l6m_C_GLU_131,0,0
1l6m_C_TYR_132,1,1
1l6m_C_PHE_133,0,0
1l6m_C_LYS_134,1,1
1l6m_C_ILE_135,0,0
1l6m_C_THR_136,0,0
1l6m_C_LEU_137,0,0
1l6m_C_TYR_138,0,1
1l6m_C_GLY_139,0,0
1l6m_C_ARG_140,0,0
1l6m_C_THR_141,0,0
1l6m_C_LYS_142,0,0
1l6m_C_GLU_143,0,0
1l6m_C_THR_145,0,0
1l6m_C_SER_146,0,0
1l6m_C_GLU_147,0,0
1l6m_C_LEU_148,0,0
1l6m_C_LYS_149,0,0
1l6m_C_GLU_150,0,0
1l6m_C_ASN_151,0,0
1l6m_C_PHE_152,0,0
1l6m_C_ILE_153,0,0
1l6m_C_ARG_154,0,0
1l6m_C_PHE_155,0,0
1l6m_C_SER_156,0,0
1l6m_C_LYS_157,0,0
1l6m_C_SER_158,0,0
1l6m_C_LEU_159,0,0
1l6m_C_GLY_160,0,0
1l6m_C_LEU_161,0,0
1l6m_C_PRO_162,0,0
1l6m_C_GLU_163,0,0
1l6m_C_ASN_164,0,0
1l6m_C_HIS_165,0,0
1l6m_C_ILE_166,0,0
1l6m_C_VAL_167,0,0
1l6m_C_PHE_168,0,0
1l6m_C_PRO_169,0,0
1l6m_C_VAL_170,0,0
1l6m_C_PRO_171,0,0
1l6m_C_ILE_172,0,0
1l6m_C_ASP_173,0,0
1l6m_C_GLN_174,0,0
1l6m_C_CYS_175,0,0
1l6m_C_ILE_176,0,0
1l6m_C_ASP_177,0,0
