res_name,class,prediction
1md3_A_PRO_2,0,0
1md3_A_TYR_3,0,0
1md3_A_THR_4,0,0
1md3_A_VAL_5,0,0
1md3_A_VAL_6,0,0
1md3_A_TYR_7,1,1
1md3_A_PHE_8,1,1
1md3_A_PRO_9,0,1
1md3_A_VAL_10,0,1
1md3_A_ARG_11,0,0
1md3_A_GLY_12,0,0
1md3_A_ARG_13,1,1
1md3_A_CYS_14,0,0
1md3_A_ALA_15,0,0
1md3_A_ALA_16,0,0
1md3_A_LEU_17,0,0
1md3_A_ARG_18,0,0
1md3_A_MET_19,0,0
1md3_A_LEU_20,0,0
1md3_A_LEU_21,0,0
1md3_A_ALA_22,1,0
1md3_A_ASP_23,0,0
1md3_A_GLN_24,0,0
1md3_A_GLY_25,0,0
1md3_A_GLN_26,0,0
1md3_A_SER_27,0,0
1md3_A_TRP_28,1,0
1md3_A_LYS_29,0,0
1md3_A_GLU_30,1,0
1md3_A_GLU_31,0,0
1md3_A_VAL_32,0,0
1md3_A_VAL_33,0,0
1md3_A_THR_34,0,0
1md3_A_VAL_35,0,1
1md3_A_GLU_36,0,0
1md3_A_THR_37,0,0
1md3_A_TRP_38,1,1
1md3_A_GLN_39,0,0
1md3_A_GLU_40,0,0
1md3_A_GLY_41,0,0
1md3_A_SER_42,0,0
1md3_A_LEU_43,0,0
1md3_A_LYS_44,1,1
1md3_A_ALA_45,0,0
1md3_A_SER_46,0,0
1md3_A_CYS_47,0,0
1md3_A_LEU_48,0,0
1md3_A_TYR_49,0,0
1md3_A_GLY_50,0,0
1md3_A_GLN_51,1,1
1md3_A_LEU_52,1,1
1md3_A_PRO_53,1,1
1md3_A_LYS_54,0,0
1md3_A_PHE_55,0,0
1md3_A_GLN_56,0,0
1md3_A_ASP_57,0,0
1md3_A_GLY_58,0,0
1md3_A_ASP_59,0,0
1md3_A_LEU_60,0,0
1md3_A_THR_61,0,0
1md3_A_LEU_62,0,0
1md3_A_TYR_63,0,0
1md3_A_GLN_64,1,0
1md3_A_SER_65,1,1
1md3_A_ASN_66,0,0
1md3_A_THR_67,0,0
1md3_A_ILE_68,0,0
1md3_A_LEU_69,0,0
1md3_A_ARG_70,0,0
1md3_A_HIS_71,0,0
1md3_A_LEU_72,0,0
1md3_A_GLY_73,0,0
1md3_A_ARG_74,0,0
1md3_A_THR_75,0,0
1md3_A_LEU_76,0,0
1md3_A_GLY_77,0,0
1md3_A_LEU_78,0,0
1md3_A_TYR_79,0,0
1md3_A_GLY_80,0,0
1md3_A_LYS_81,0,0
1md3_A_ASP_82,0,0
1md3_A_GLN_83,0,0
1md3_A_GLN_84,0,0
1md3_A_GLU_85,0,0
1md3_A_ALA_86,0,0
1md3_A_ALA_87,0,0
1md3_A_LEU_88,0,0
1md3_A_VAL_89,0,0
1md3_A_ASP_90,0,0
1md3_A_MET_91,0,0
1md3_A_VAL_92,0,0
1md3_A_ASN_93,0,0
1md3_A_ASP_94,0,0
1md3_A_GLY_95,0,0
1md3_A_VAL_96,0,0
1md3_A_GLU_97,0,0
1md3_A_ASP_98,1,0
1md3_A_LEU_99,0,0
1md3_A_ARG_100,0,0
1md3_A_CYS_101,0,0
1md3_A_LYS_102,0,0
1md3_A_TYR_103,0,0
1md3_A_ILE_104,0,0
1md3_A_SER_105,0,0
1md3_A_LEU_106,0,0
1md3_A_ILE_107,0,0
1md3_A_TYR_108,0,1
1md3_A_THR_109,0,0
1md3_A_ASN_110,0,0
1md3_A_TYR_111,0,0
1md3_A_GLU_112,0,0
1md3_A_ALA_113,0,0
1md3_A_GLY_114,0,0
1md3_A_LYS_115,0,0
1md3_A_ASP_116,0,0
1md3_A_ASP_117,0,0
1md3_A_TYR_118,0,0
1md3_A_VAL_119,0,0
1md3_A_LYS_120,0,0
1md3_A_ALA_121,0,0
1md3_A_LEU_122,0,0
1md3_A_PRO_123,0,0
1md3_A_GLY_124,0,0
1md3_A_GLN_125,0,0
1md3_A_LEU_126,0,0
1md3_A_LYS_127,0,0
1md3_A_PRO_128,0,0
1md3_A_PHE_129,0,0
1md3_A_GLU_130,0,0
1md3_A_THR_131,0,0
1md3_A_LEU_132,0,0
1md3_A_LEU_133,0,0
1md3_A_SER_134,0,0
1md3_A_GLN_135,0,0
1md3_A_ASN_136,0,0
1md3_A_GLN_137,0,0
1md3_A_GLY_138,0,0
1md3_A_GLY_139,0,0
1md3_A_LYS_140,0,0
1md3_A_THR_141,0,0
1md3_A_PHE_142,0,0
1md3_A_ILE_143,0,0
1md3_A_VAL_144,0,0
1md3_A_ALA_145,0,0
1md3_A_ASP_146,0,0
1md3_A_GLN_147,0,0
1md3_A_ILE_148,0,0
1md3_A_SER_149,0,0
1md3_A_PHE_150,0,0
1md3_A_ALA_151,0,0
1md3_A_ASP_152,0,0
1md3_A_TYR_153,0,0
1md3_A_ASN_154,0,0
1md3_A_LEU_155,0,0
1md3_A_LEU_156,0,0
1md3_A_ASP_157,0,0
1md3_A_LEU_158,0,0
1md3_A_LEU_159,0,0
1md3_A_LEU_160,0,0
1md3_A_ILE_161,0,0
1md3_A_HIS_162,0,0
1md3_A_GLU_163,0,0
1md3_A_VAL_164,0,0
1md3_A_LEU_165,0,0
1md3_A_ALA_166,0,0
1md3_A_PRO_167,0,0
1md3_A_GLY_168,0,0
1md3_A_CYS_169,0,0
1md3_A_LEU_170,0,0
1md3_A_ASP_171,0,0
1md3_A_ALA_172,0,0
1md3_A_PHE_173,0,0
1md3_A_PRO_174,0,0
1md3_A_LEU_175,0,0
1md3_A_LEU_176,0,0
1md3_A_SER_177,0,0
1md3_A_ALA_178,0,0
1md3_A_TYR_179,0,0
1md3_A_VAL_180,0,0
1md3_A_GLY_181,0,0
1md3_A_ARG_182,0,0
1md3_A_LEU_183,0,0
1md3_A_SER_184,0,0
1md3_A_ALA_185,0,0
1md3_A_ARG_186,0,0
1md3_A_PRO_187,0,0
1md3_A_LYS_188,0,0
1md3_A_LEU_189,0,0
1md3_A_LYS_190,0,0
1md3_A_ALA_191,0,0
1md3_A_PHE_192,0,0
1md3_A_LEU_193,0,0
1md3_A_ALA_194,0,0
1md3_A_SER_195,0,0
1md3_A_PRO_196,0,0
1md3_A_GLU_197,1,0
1md3_A_TYR_198,0,0
1md3_A_VAL_199,0,0
1md3_A_ASN_200,0,0
1md3_A_LEU_201,0,0
1md3_A_PRO_202,0,0
1md3_A_ILE_203,0,0
1md3_A_ASN_204,0,0
1md3_A_GLY_205,0,1
1md3_A_ASN_206,0,0
1md3_A_GLY_207,0,0
1md3_A_LYS_208,0,0
1md3_A_GLN_209,0,0
1md3_B_PRO_2,0,0
1md3_B_TYR_3,0,0
1md3_B_THR_4,0,0
1md3_B_VAL_5,0,0
1md3_B_VAL_6,0,0
1md3_B_TYR_7,1,1
1md3_B_PHE_8,1,1
1md3_B_PRO_9,0,0
1md3_B_VAL_10,0,1
1md3_B_ARG_11,0,0
1md3_B_GLY_12,0,0
1md3_B_ARG_13,1,1
1md3_B_CYS_14,0,0
1md3_B_ALA_15,0,0
1md3_B_ALA_16,0,0
1md3_B_LEU_17,0,0
1md3_B_ARG_18,0,0
1md3_B_MET_19,0,0
1md3_B_LEU_20,0,0
1md3_B_LEU_21,0,0
1md3_B_ALA_22,0,0
1md3_B_ASP_23,0,0
1md3_B_GLN_24,0,0
1md3_B_GLY_25,0,0
1md3_B_GLN_26,0,0
1md3_B_SER_27,0,0
1md3_B_TRP_28,1,0
1md3_B_LYS_29,0,0
1md3_B_GLU_30,1,0
1md3_B_GLU_31,0,0
1md3_B_VAL_32,0,0
1md3_B_VAL_33,0,0
1md3_B_THR_34,0,0
1md3_B_VAL_35,0,1
1md3_B_GLU_36,0,0
1md3_B_THR_37,0,0
1md3_B_TRP_38,1,1
1md3_B_GLN_39,0,0
1md3_B_GLU_40,0,0
1md3_B_GLY_41,0,0
1md3_B_SER_42,0,0
1md3_B_LEU_43,0,0
1md3_B_LYS_44,1,1
1md3_B_ALA_45,0,0
1md3_B_SER_46,0,0
1md3_B_CYS_47,0,0
1md3_B_LEU_48,0,0
1md3_B_TYR_49,0,0
1md3_B_GLY_50,0,0
1md3_B_GLN_51,1,1
1md3_B_LEU_52,1,1
1md3_B_PRO_53,0,1
1md3_B_LYS_54,0,0
1md3_B_PHE_55,0,0
1md3_B_GLN_56,0,0
1md3_B_ASP_57,0,0
1md3_B_GLY_58,0,0
1md3_B_ASP_59,0,0
1md3_B_LEU_60,0,0
1md3_B_THR_61,0,0
1md3_B_LEU_62,0,0
1md3_B_TYR_63,0,0
1md3_B_GLN_64,1,0
1md3_B_SER_65,1,0
1md3_B_ASN_66,0,0
1md3_B_THR_67,0,0
1md3_B_ILE_68,0,0
1md3_B_LEU_69,0,0
1md3_B_ARG_70,0,0
1md3_B_HIS_71,0,0
1md3_B_LEU_72,0,0
1md3_B_GLY_73,0,0
1md3_B_ARG_74,0,0
1md3_B_THR_75,0,0
1md3_B_LEU_76,0,0
1md3_B_GLY_77,0,0
1md3_B_LEU_78,0,0
1md3_B_TYR_79,0,0
1md3_B_GLY_80,0,0
1md3_B_LYS_81,0,0
1md3_B_ASP_82,0,0
1md3_B_GLN_83,0,0
1md3_B_GLN_84,0,0
1md3_B_GLU_85,0,0
1md3_B_ALA_86,0,0
1md3_B_ALA_87,0,0
1md3_B_LEU_88,0,0
1md3_B_VAL_89,0,0
1md3_B_ASP_90,0,0
1md3_B_MET_91,0,0
1md3_B_VAL_92,0,0
1md3_B_ASN_93,0,0
1md3_B_ASP_94,0,0
1md3_B_GLY_95,0,0
1md3_B_VAL_96,0,0
1md3_B_GLU_97,0,0
1md3_B_ASP_98,1,0
1md3_B_LEU_99,0,0
1md3_B_ARG_100,0,0
1md3_B_CYS_101,0,0
1md3_B_LYS_102,0,0
1md3_B_TYR_103,0,0
1md3_B_ILE_104,0,1
1md3_B_SER_105,0,0
1md3_B_LEU_106,0,0
1md3_B_ILE_107,0,0
1md3_B_TYR_108,0,1
1md3_B_THR_109,0,0
1md3_B_ASN_110,0,0
1md3_B_TYR_111,0,0
1md3_B_GLU_112,0,0
1md3_B_ALA_113,0,0
1md3_B_GLY_114,0,0
1md3_B_LYS_115,0,0
1md3_B_ASP_116,0,0
1md3_B_ASP_117,0,0
1md3_B_TYR_118,0,0
1md3_B_VAL_119,0,0
1md3_B_LYS_120,0,0
1md3_B_ALA_121,0,0
1md3_B_LEU_122,0,0
1md3_B_PRO_123,0,0
1md3_B_GLY_124,0,0
1md3_B_GLN_125,0,0
1md3_B_LEU_126,0,0
1md3_B_LYS_127,0,0
1md3_B_PRO_128,0,0
1md3_B_PHE_129,0,0
1md3_B_GLU_130,0,0
1md3_B_THR_131,0,0
1md3_B_LEU_132,0,0
1md3_B_LEU_133,0,0
1md3_B_SER_134,0,0
1md3_B_GLN_135,0,0
1md3_B_ASN_136,0,0
1md3_B_GLN_137,0,0
1md3_B_GLY_138,0,0
1md3_B_GLY_139,0,0
1md3_B_LYS_140,0,0
1md3_B_THR_141,0,0
1md3_B_PHE_142,0,0
1md3_B_ILE_143,0,0
1md3_B_VAL_144,0,0
1md3_B_ALA_145,0,0
1md3_B_ASP_146,0,0
1md3_B_GLN_147,0,0
1md3_B_ILE_148,0,0
1md3_B_SER_149,0,0
1md3_B_PHE_150,0,0
1md3_B_ALA_151,0,0
1md3_B_ASP_152,0,0
1md3_B_TYR_153,0,0
1md3_B_ASN_154,0,0
1md3_B_LEU_155,0,0
1md3_B_LEU_156,0,0
1md3_B_ASP_157,0,0
1md3_B_LEU_158,0,0
1md3_B_LEU_159,0,0
1md3_B_LEU_160,0,0
1md3_B_ILE_161,0,0
1md3_B_HIS_162,0,0
1md3_B_GLU_163,0,0
1md3_B_VAL_164,0,0
1md3_B_LEU_165,0,0
1md3_B_ALA_166,0,0
1md3_B_PRO_167,0,0
1md3_B_GLY_168,0,0
1md3_B_CYS_169,0,0
1md3_B_LEU_170,0,0
1md3_B_ASP_171,0,0
1md3_B_ALA_172,0,0
1md3_B_PHE_173,0,0
1md3_B_PRO_174,0,0
1md3_B_LEU_175,0,0
1md3_B_LEU_176,0,0
1md3_B_SER_177,0,0
1md3_B_ALA_178,0,0
1md3_B_TYR_179,0,0
1md3_B_VAL_180,0,0
1md3_B_GLY_181,0,0
1md3_B_ARG_182,0,0
1md3_B_LEU_183,0,0
1md3_B_SER_184,0,0
1md3_B_ALA_185,0,0
1md3_B_ARG_186,0,0
1md3_B_PRO_187,0,0
1md3_B_LYS_188,0,0
1md3_B_LEU_189,0,0
1md3_B_LYS_190,0,0
1md3_B_ALA_191,0,0
1md3_B_PHE_192,1,0
1md3_B_LEU_193,0,0
1md3_B_ALA_194,0,0
1md3_B_SER_195,0,0
1md3_B_PRO_196,0,0
1md3_B_GLU_197,1,0
1md3_B_TYR_198,0,0
1md3_B_VAL_199,0,0
1md3_B_ASN_200,0,0
1md3_B_LEU_201,0,0
1md3_B_PRO_202,0,0
1md3_B_ILE_203,0,0
1md3_B_ASN_204,0,0
1md3_B_GLY_205,0,1
1md3_B_ASN_206,0,0
1md3_B_GLY_207,0,0
1md3_B_LYS_208,0,0
1md3_B_GLN_209,0,0
