res_name,class,prediction
5bir_A_ALA_1,0,0
5bir_A_CYS_2,0,0
5bir_A_ASP_3,0,0
5bir_A_TYR_4,0,0
5bir_A_THR_5,0,0
5bir_A_CYS_6,0,0
5bir_A_GLY_7,0,0
5bir_A_SER_8,0,0
5bir_A_ASN_9,0,0
5bir_A_CYS_10,0,0
5bir_A_TYR_11,0,0
5bir_A_SER_12,0,0
5bir_A_SER_13,0,0
5bir_A_SER_14,0,0
5bir_A_ASP_15,0,0
5bir_A_VAL_16,0,0
5bir_A_SER_17,0,0
5bir_A_THR_18,0,0
5bir_A_ALA_19,0,0
5bir_A_GLN_20,0,0
5bir_A_ALA_21,0,0
5bir_A_ALA_22,0,0
5bir_A_GLY_23,0,0
5bir_A_TYR_24,0,0
5bir_A_LYS_25,0,0
5bir_A_LEU_26,0,0
5bir_A_HIS_27,0,0
5bir_A_GLU_28,0,0
5bir_A_ASP_29,0,0
5bir_A_GLY_30,0,0
5bir_A_GLU_31,0,0
5bir_A_THR_32,0,0
5bir_A_VAL_33,0,0
5bir_A_GLY_34,0,0
5bir_A_SER_35,0,0
5bir_A_ASN_36,0,0
5bir_A_SER_37,0,0
5bir_A_TYR_38,1,1
5bir_A_PRO_39,0,0
5bir_A_HIS_40,1,0
5bir_A_LYS_41,1,0
5bir_A_TYR_42,1,0
5bir_A_ASN_43,1,1
5bir_A_ASN_44,1,1
5bir_A_TYR_45,1,1
5bir_A_GLU_46,1,1
5bir_A_GLY_47,0,0
5bir_A_PHE_48,0,0
5bir_A_ASP_49,0,0
5bir_A_PHE_50,0,0
5bir_A_SER_51,0,0
5bir_A_VAL_52,0,0
5bir_A_SER_53,0,0
5bir_A_SER_54,0,0
5bir_A_PRO_55,0,0
5bir_A_TYR_56,0,0
5bir_A_TYR_57,0,0
5bir_A_GLU_58,1,1
5bir_A_TRP_59,0,0
5bir_A_PRO_60,0,0
5bir_A_ILE_61,0,0
5bir_A_LEU_62,0,0
5bir_A_SER_63,0,0
5bir_A_SER_64,0,0
5bir_A_GLY_65,0,0
5bir_A_ASP_66,0,0
5bir_A_VAL_67,0,0
5bir_A_TYR_68,0,0
5bir_A_SER_69,0,0
5bir_A_GLY_70,0,0
5bir_A_GLY_71,0,0
5bir_A_SER_72,0,0
5bir_A_PRO_73,0,0
5bir_A_GLY_74,0,0
5bir_A_ALA_75,0,0
5bir_A_ASP_76,0,0
5bir_A_ARG_77,1,0
5bir_A_VAL_78,0,0
5bir_A_VAL_79,0,0
5bir_A_PHE_80,0,0
5bir_A_ASN_81,0,0
5bir_A_GLU_82,0,0
5bir_A_ASN_83,0,0
5bir_A_ASN_84,0,0
5bir_A_GLN_85,0,0
5bir_A_LEU_86,0,0
5bir_A_ALA_87,0,0
5bir_A_GLY_88,0,0
5bir_A_VAL_89,0,0
5bir_A_ILE_90,0,0
5bir_A_THR_91,0,0
5bir_A_GLN_92,1,0
5bir_A_THR_93,0,0
5bir_A_GLY_94,0,0
5bir_A_ALA_95,0,0
5bir_A_SER_96,0,0
5bir_A_GLY_97,0,0
5bir_A_ASN_98,1,1
5bir_A_ASN_99,1,0
5bir_A_PHE_100,1,0
5bir_A_VAL_101,0,0
5bir_A_GLU_102,0,0
5bir_A_CYS_103,0,0
5bir_A_THR_104,0,0
5bir_B_ALA_1,0,0
5bir_B_CYS_2,0,0
5bir_B_ASP_3,0,0
5bir_B_TYR_4,0,0
5bir_B_THR_5,0,0
5bir_B_CYS_6,0,0
5bir_B_GLY_7,0,0
5bir_B_SER_8,0,0
5bir_B_ASN_9,0,0
5bir_B_CYS_10,0,0
5bir_B_TYR_11,0,0
5bir_B_SER_12,0,0
5bir_B_SER_13,0,0
5bir_B_SER_14,0,0
5bir_B_ASP_15,0,0
5bir_B_VAL_16,0,0
5bir_B_SER_17,0,0
5bir_B_THR_18,0,0
5bir_B_ALA_19,0,0
5bir_B_GLN_20,0,0
5bir_B_ALA_21,0,0
5bir_B_ALA_22,0,0
5bir_B_GLY_23,0,0
5bir_B_TYR_24,0,0
5bir_B_LYS_25,0,0
5bir_B_LEU_26,0,0
5bir_B_HIS_27,0,0
5bir_B_GLU_28,0,0
5bir_B_ASP_29,0,0
5bir_B_GLY_30,0,0
5bir_B_GLU_31,0,0
5bir_B_THR_32,0,0
5bir_B_VAL_33,0,0
5bir_B_GLY_34,0,0
5bir_B_SER_35,0,0
5bir_B_ASN_36,0,0
5bir_B_SER_37,0,0
5bir_B_TYR_38,1,0
5bir_B_PRO_39,0,0
5bir_B_HIS_40,1,1
5bir_B_LYS_41,1,0
5bir_B_TYR_42,1,0
5bir_B_ASN_43,1,1
5bir_B_ASN_44,1,1
5bir_B_TYR_45,1,1
5bir_B_GLU_46,1,1
5bir_B_GLY_47,0,0
5bir_B_PHE_48,0,0
5bir_B_ASP_49,0,0
5bir_B_PHE_50,0,0
5bir_B_SER_51,0,0
5bir_B_VAL_52,0,0
5bir_B_SER_53,0,0
5bir_B_SER_54,0,0
5bir_B_PRO_55,0,0
5bir_B_TYR_56,0,0
5bir_B_TYR_57,0,1
5bir_B_GLU_58,1,1
5bir_B_TRP_59,0,0
5bir_B_PRO_60,0,0
5bir_B_ILE_61,0,0
5bir_B_LEU_62,0,0
5bir_B_SER_63,0,0
5bir_B_SER_64,0,0
5bir_B_GLY_65,0,0
5bir_B_ASP_66,0,0
5bir_B_VAL_67,0,0
5bir_B_TYR_68,0,0
5bir_B_SER_69,0,0
5bir_B_GLY_70,0,0
5bir_B_GLY_71,0,0
5bir_B_SER_72,0,0
5bir_B_PRO_73,0,0
5bir_B_GLY_74,0,0
5bir_B_ALA_75,0,0
5bir_B_ASP_76,0,0
5bir_B_ARG_77,0,0
5bir_B_VAL_78,0,0
5bir_B_VAL_79,0,0
5bir_B_PHE_80,0,0
5bir_B_ASN_81,0,0
5bir_B_GLU_82,0,0
5bir_B_ASN_83,0,0
5bir_B_ASN_84,0,0
5bir_B_GLN_85,0,0
5bir_B_LEU_86,0,0
5bir_B_ALA_87,0,0
5bir_B_GLY_88,0,0
5bir_B_VAL_89,0,0
5bir_B_ILE_90,0,0
5bir_B_THR_91,0,0
5bir_B_GLN_92,0,0
5bir_B_THR_93,0,0
5bir_B_GLY_94,0,0
5bir_B_ALA_95,0,0
5bir_B_SER_96,0,0
5bir_B_GLY_97,0,0
5bir_B_ASN_98,1,1
5bir_B_ASN_99,0,0
5bir_B_PHE_100,1,0
5bir_B_VAL_101,0,0
5bir_B_GLU_102,0,0
5bir_B_CYS_103,0,0
5bir_B_THR_104,0,0
